10000
32766
32766
32760
32758
32755
32751
32750
32749
32748
32747
32739
32737
32736
32731
32731
32729
32724
32722
32720
32709
32708
32707
32706
32699
32695
32687
32686
32685
32684
32684
32683
32680
32677
32676
32675
32656
32655
32655
32650
32644
32644
32639
32635
32634
32626
32625
32615
32614
32610
32609
32608
32607
32606
32606
32604
32602
32599
32594
32591
32581
32581
32578
32575
32567
32558
32558
32558
32557
32550
32542
32539
32533
32530
32528
32528
32527
32526
32516
32514
32513
32504
32501
32496
32496
32495
32492
32486
32486
32479
32475
32475
32473
32466
32459
32451
32448
32448
32446
32441
32438
32430
32430
32423
32422
32418
32417
32410
32398
32393
32378
32373
32366
32356
32355
32352
32348
32348
32346
32346
32342
32337
32331
32325
32324
32321
32320
32320
32316
32316
32315
32312
32306
32304
32304
32300
32299
32292
32292
32289
32285
32283
32276
32269
32266
32262
32254
32249
32249
32249
32246
32246
32244
32244
32236
32229
32228
32227
32226
32217
32216
32214
32213
32213
32207
32205
32203
32203
32197
32196
32196
32195
32191
32190
32188
32188
32183
32183
32180
32180
32179
32177
32176
32173
32170
32169
32167
32161
32156
32154
32150
32146
32146
32142
32138
32134
32130
32128
32126
32121
32117
32115
32112
32111
32111
32107
32101
32099
32094
32092
32092
32088
32084
32081
32080
32077
32074
32072
32062
32056
32054
32054
32048
32048
32042
32035
32033
32030
32023
32018
32011
32011
32011
32010
32003
32001
31999
31991
31986
31984
31982
31981
31976
31969
31965
31962
31956
31954
31942
31938
31937
31936
31935
31931
31913
31912
31909
31908
31904
31902
31901
31899
31889
31885
31884
31868
31865
31861
31858
31857
31854
31854
31851
31845
31844
31839
31835
31822
31821
31821
31820
31815
31815
31808
31805
31803
31801
31794
31789
31788
31780
31779
31778
31768
31767
31759
31751
31749
31737
31730
31728
31727
31726
31720
31719
31718
31716
31711
31711
31711
31706
31705
31704
31699
31698
31690
31688
31685
31683
31680
31678
31677
31676
31671
31670
31668
31666
31662
31655
31641
31638
31633
31632
31632
31627
31623
31622
31618
31617
31615
31613
31610
31606
31604
31603
31600
31597
31587
31587
31586
31583
31580
31578
31573
31572
31564
31559
31559
31555
31553
31550
31550
31550
31543
31542
31539
31538
31534
31530
31530
31530
31529
31527
31517
31501
31501
31501
31491
31486
31485
31484
31482
31480
31479
31477
31475
31474
31469
31469
31466
31459
31457
31457
31456
31454
31451
31449
31448
31441
31440
31438
31437
31430
31428
31428
31426
31422
31421
31418
31406
31398
31397
31392
31384
31376
31374
31374
31373
31370
31362
31358
31356
31347
31347
31341
31332
31331
31328
31325
31323
31323
31322
31321
31321
31315
31315
31313
31312
31310
31304
31303
31288
31288
31286
31283
31283
31272
31261
31261
31260
31257
31252
31251
31248
31233
31231
31228
31224
31223
31221
31215
31214
31214
31205
31203
31203
31197
31191
31186
31185
31185
31185
31184
31184
31181
31175
31169
31168
31166
31163
31159
31158
31158
31156
31151
31150
31148
31145
31138
31132
31127
31126
31119
31117
31113
31112
31111
31106
31105
31097
31097
31094
31093
31068
31068
31067
31062
31059
31046
31046
31043
31040
31039
31031
31027
31026
31023
31022
31020
31018
31018
31018
31016
31012
31010
31007
31007
31001
30999
30996
30995
30992
30991
30984
30982
30981
30978
30977
30975
30975
30974
30973
30963
30957
30953
30951
30939
30932
30929
30925
30922
30922
30920
30915
30901
30897
30896
30891
30891
30891
30888
30888
30885
30883
30882
30880
30876
30867
30847
30844
30842
30841
30838
30831
30823
30822
30821
30816
30813
30808
30807
30804
30798
30793
30793
30791
30791
30789
30789
30785
30782
30776
30775
30772
30768
30766
30761
30760
30751
30745
30743
30740
30737
30735
30734
30731
30730
30727
30726
30725
30718
30713
30709
30708
30705
30704
30698
30691
30691
30691
30688
30675
30673
30671
30669
30669
30669
30668
30666
30662
30659
30656
30653
30651
30650
30636
30633
30630
30630
30629
30628
30628
30624
30621
30619
30617
30616
30615
30611
30611
30611
30607
30604
30602
30602
30601
30596
30594
30593
30593
30589
30587
30584
30582
30575
30573
30564
30564
30562
30560
30560
30559
30555
30547
30547
30546
30545
30545
30543
30534
30526
30521
30520
30520
30519
30518
30514
30503
30503
30502
30499
30496
30495
30487
30486
30484
30481
30480
30477
30476
30474
30473
30470
30467
30457
30453
30452
30452
30448
30448
30440
30436
30435
30435
30434
30434
30425
30424
30424
30420
30416
30416
30416
30415
30413
30408
30406
30404
30397
30391
30391
30384
30383
30371
30368
30364
30363
30363
30360
30360
30354
30347
30346
30342
30337
30335
30330
30329
30323
30322
30318
30315
30315
30309
30308
30308
30308
30304
30297
30295
30292
30289
30288
30283
30282
30278
30273
30273
30269
30265
30265
30265
30263
30253
30246
30246
30236
30236
30232
30231
30227
30226
30225
30224
30209
30203
30189
30175
30170
30170
30167
30161
30158
30148
30142
30138
30136
30135
30133
30133
30132
30129
30127
30127
30125
30123
30121
30121
30120
30118
30116
30104
30097
30096
30095
30091
30090
30087
30077
30071
30069
30061
30056
30051
30048
30045
30040
30037
30025
30024
30022
30017
30015
30005
30003
29996
29995
29991
29990
29984
29983
29983
29982
29981
29978
29968
29966
29961
29960
29955
29948
29948
29947
29944
29940
29939
29936
29932
29930
29920
29920
29916
29914
29906
29905
29893
29891
29885
29879
29876
29871
29867
29865
29850
29841
29840
29825
29820
29820
29819
29811
29796
29795
29791
29788
29787
29780
29779
29769
29769
29764
29759
29758
29755
29752
29750
29749
29748
29747
29744
29742
29731
29729
29722
29722
29718
29716
29709
29708
29702
29700
29700
29695
29692
29677
29675
29656
29656
29655
29652
29641
29641
29640
29633
29632
29625
29624
29622
29618
29613
29612
29611
29611
29606
29602
29601
29599
29592
29587
29580
29580
29577
29571
29570
29569
29563
29562
29554
29552
29543
29543
29541
29538
29534
29534
29534
29527
29524
29501
29500
29497
29488
29479
29476
29476
29474
29474
29474
29474
29473
29472
29469
29466
29462
29454
29453
29440
29434
29432
29428
29426
29418
29418
29413
29407
29407
29402
29397
29396
29385
29382
29380
29378
29365
29360
29358
29352
29348
29345
29344
29336
29335
29334
29332
29329
29329
29325
29325
29318
29317
29317
29315
29314
29311
29310
29309
29287
29287
29284
29284
29281
29279
29262
29262
29260
29259
29256
29255
29247
29241
29241
29236
29230
29228
29226
29221
29219
29213
29208
29206
29204
29193
29185
29183
29182
29181
29180
29177
29174
29174
29171
29170
29167
29165
29161
29159
29154
29151
29150
29148
29147
29144
29132
29131
29130
29129
29129
29125
29119
29118
29118
29115
29114
29113
29111
29109
29105
29104
29104
29104
29096
29092
29087
29086
29085
29085
29081
29079
29073
29067
29063
29060
29059
29057
29056
29056
29056
29050
29047
29043
29043
29034
29032
29028
29028
29016
29016
29011
29008
29004
28998
28996
28994
28992
28991
28982
28979
28972
28971
28969
28960
28960
28959
28953
28947
28941
28938
28935
28931
28927
28927
28926
28925
28925
28925
28918
28914
28913
28912
28910
28906
28900
28900
28898
28892
28891
28891
28886
28884
28881
28881
28878
28875
28874
28872
28862
28861
28855
28849
28845
28845
28845
28843
28835
28835
28834
28834
28831
28828
28828
28817
28814
28801
28793
28791
28791
28788
28784
28783
28778
28776
28775
28771
28765
28759
28756
28749
28747
28744
28734
28731
28724
28722
28721
28721
28720
28719
28718
28716
28714
28708
28707
28707
28700
28698
28697
28684
28681
28675
28674
28669
28668
28667
28664
28664
28659
28646
28644
28636
28636
28634
28634
28634
28632
28631
28631
28631
28629
28627
28626
28626
28622
28616
28616
28609
28606
28600
28599
28596
28595
28593
28592
28591
28591
28589
28585
28578
28578
28577
28576
28564
28555
28552
28550
28550
28550
28549
28549
28546
28544
28535
28534
28534
28533
28526
28521
28520
28518
28511
28511
28506
28505
28501
28499
28495
28492
28484
28482
28482
28481
28479
28478
28477
28472
28465
28464
28461
28460
28453
28451
28446
28445
28445
28441
28432
28429
28429
28424
28418
28414
28412
28412
28410
28406
28398
28396
28394
28385
28383
28375
28375
28366
28366
28362
28360
28359
28359
28357
28348
28346
28344
28344
28340
28338
28336
28333
28326
28324
28318
28317
28315
28301
28300
28296
28295
28294
28290
28277
28275
28274
28270
28267
28261
28250
28240
28236
28234
28234
28230
28230
28226
28225
28217
28215
28214
28208
28207
28206
28204
28198
28198
28193
28192
28191
28191
28190
28189
28180
28179
28178
28177
28175
28174
28172
28167
28167
28164
28160
28159
28156
28147
28141
28138
28133
28127
28126
28120
28117
28117
28102
28099
28096
28094
28090
28088
28082
28081
28079
28078
28077
28072
28069
28068
28066
28062
28061
28055
28054
28051
28046
28044
28037
28036
28036
28031
28020
28020
28019
28018
28011
28011
28010
28004
28000
28000
27998
27997
27996
27984
27982
27979
27979
27978
27976
27969
27966
27963
27955
27952
27947
27940
27925
27922
27921
27916
27916
27915
27915
27913
27912
27900
27900
27899
27898
27890
27889
27888
27884
27864
27862
27859
27858
27849
27848
27839
27837
27834
27830
27830
27825
27825
27818
27816
27809
27806
27801
27800
27797
27787
27786
27783
27783
27780
27775
27771
27769
27764
27763
27762
27759
27752
27750
27744
27739
27739
27731
27728
27728
27727
27726
27725
27724
27723
27723
27722
27718
27715
27715
27713
27709
27706
27706
27706
27706
27701
27700
27692
27691
27684
27670
27669
27668
27667
27659
27659
27655
27652
27637
27636
27635
27628
27627
27626
27625
27623
27616
27615
27613
27608
27605
27603
27601
27601
27596
27591
27589
27589
27589
27586
27585
27577
27577
27565
27565
27561
27560
27557
27552
27552
27548
27546
27542
27537
27535
27533
27529
27523
27520
27518
27513
27512
27509
27505
27503
27500
27499
27499
27496
27496
27495
27492
27489
27489
27486
27476
27476
27475
27466
27464
27457
27456
27450
27449
27445
27441
27433
27430
27428
27423
27423
27422
27419
27404
27403
27398
27393
27392
27386
27384
27384
27382
27380
27374
27373
27370
27367
27364
27361
27360
27360
27355
27348
27339
27338
27337
27336
27335
27331
27331
27331
27329
27328
27323
27321
27317
27315
27315
27314
27307
27307
27304
27300
27290
27289
27284
27280
27278
27276
27274
27273
27270
27269
27266
27251
27243
27243
27242
27238
27234
27232
27228
27220
27214
27213
27205
27201
27201
27193
27191
27190
27184
27178
27178
27177
27172
27164
27160
27158
27156
27155
27152
27150
27143
27143
27143
27139
27138
27134
27126
27125
27119
27114
27111
27108
27104
27104
27103
27103
27100
27099
27096
27096
27085
27077
27075
27074
27065
27060
27060
27060
27058
27057
27053
27047
27044
27036
27030
27027
27026
27025
27025
27024
27021
27019
27015
27007
27006
27000
26999
26993
26988
26983
26983
26975
26970
26967
26961
26959
26957
26954
26946
26939
26936
26932
26932
26931
26931
26929
26924
26923
26921
26919
26916
26915
26912
26909
26892
26892
26888
26887
26884
26879
26862
26857
26850
26849
26838
26837
26832
26830
26826
26824
26824
26817
26815
26814
26814
26813
26812
26811
26810
26806
26805
26797
26795
26794
26774
26771
26769
26768
26764
26762
26759
26746
26746
26746
26741
26739
26725
26724
26718
26717
26716
26714
26714
26714
26714
26714
26713
26708
26708
26705
26705
26699
26690
26689
26687
26683
26676
26675
26674
26671
26667
26666
26666
26663
26649
26649
26647
26645
26644
26641
26640
26637
26628
26627
26625
26624
26624
26616
26612
26610
26605
26605
26605
26602
26600
26599
26590
26589
26585
26584
26583
26583
26574
26572
26567
26564
26562
26561
26559
26557
26554
26552
26550
26547
26541
26534
26532
26514
26513
26504
26502
26501
26500
26499
26498
26497
26495
26495
26495
26493
26493
26487
26484
26483
26481
26475
26469
26468
26460
26459
26459
26442
26440
26440
26439
26434
26433
26433
26432
26431
26427
26425
26425
26424
26423
26423
26421
26410
26406
26406
26405
26400
26389
26389
26388
26387
26381
26379
26377
26373
26372
26368
26368
26367
26362
26349
26348
26344
26343
26338
26331
26331
26327
26325
26313
26308
26307
26307
26299
26295
26292
26290
26286
26284
26272
26265
26264
26264
26262
26251
26250
26248
26239
26233
26228
26220
26217
26215
26214
26213
26210
26209
26192
26190
26181
26179
26173
26171
26164
26162
26159
26158
26156
26146
26144
26136
26134
26129
26114
26110
26107
26105
26104
26096
26095
26092
26090
26090
26082
26075
26073
26072
26071
26066
26065
26063
26062
26057
26056
26055
26054
26053
26047
26046
26046
26045
26045
26036
26026
26018
26016
26015
26010
26010
26005
26003
26003
26000
25999
25997
25996
25994
25987
25986
25977
25976
25976
25968
25966
25962
25959
25957
25957
25953
25951
25945
25944
25943
25942
25942
25939
25928
25928
25927
25924
25912
25910
25910
25899
25899
25895
25895
25894
25893
25893
25889
25886
25874
25869
25869
25869
25869
25866
25861
25859
25859
25854
25852
25848
25843
25838
25833
25832
25821
25811
25810
25803
25802
25796
25790
25783
25775
25772
25770
25770
25766
25760
25756
25754
25750
25747
25743
25743
25741
25736
25733
25732
25730
25729
25727
25719
25715
25710
25706
25706
25705
25703
25701
25700
25700
25696
25696
25682
25681
25680
25679
25678
25674
25671
25671
25670
25669
25668
25668
25665
25663
25662
25661
25653
25651
25650
25644
25641
25636
25631
25631
25630
25628
25626
25625
25624
25618
25606
25604
25604
25592
25592
25588
25586
25584
25578
25577
25576
25566
25559
25558
25556
25552
25548
25544
25537
25535
25533
25521
25515
25514
25508
25506
25505
25503
25499
25497
25492
25486
25485
25483
25482
25480
25479
25479
25474
25471
25463
25460
25456
25455
25449
25441
25439
25437
25433
25432
25430
25430
25429
25429
25422
25417
25414
25408
25406
25403
25403
25397
25392
25391
25388
25388
25386
25386
25384
25383
25381
25378
25371
25369
25366
25365
25364
25359
25356
25356
25346
25344
25340
25337
25334
25330
25330
25321
25318
25316
25315
25315
25314
25311
25293
25288
25273
25271
25268
25265
25254
25254
25252
25248
25247
25245
25242
25241
25231
25230
25225
25213
25211
25210
25205
25199
25198
25197
25195
25195
25192
25188
25188
25184
25183
25179
25171
25163
25162
25158
25152
25149
25147
25147
25143
25142
25134
25132
25131
25129
25127
25125
25125
25124
25124
25117
25110
25107
25104
25099
25099
25091
25090
25087
25086
25084
25082
25081
25078
25075
25072
25069
25063
25048
25046
25040
25039
25035
25023
25023
25014
25013
25004
25001
24994
24992
24989
24983
24979
24978
24975
24972
24969
24966
24964
24964
24962
24950
24947
24946
24942
24941
24940
24937
24937
24936
24935
24930
24930
24926
24924
24921
24919
24915
24910
24901
24900
24898
24893
24889
24877
24873
24863
24859
24848
24840
24837
24835
24831
24824
24818
24815
24814
24813
24803
24802
24792
24791
24783
24782
24779
24768
24765
24763
24762
24760
24755
24754
24747
24745
24744
24743
24742
24741
24740
24734
24732
24732
24727
24723
24722
24720
24717
24714
24708
24707
24705
24703
24691
24682
24680
24673
24660
24658
24657
24642
24636
24635
24632
24623
24620
24612
24612
24610
24609
24607
24605
24605
24602
24600
24599
24598
24596
24590
24587
24582
24577
24577
24570
24568
24567
24562
24561
24556
24556
24553
24552
24551
24545
24541
24541
24540
24537
24535
24530
24522
24515
24507
24505
24504
24503
24501
24501
24493
24491
24488
24487
24486
24485
24480
24478
24474
24473
24472
24466
24461
24461
24459
24458
24454
24450
24445
24437
24432
24419
24415
24415
24406
24399
24394
24389
24381
24378
24371
24371
24369
24366
24351
24351
24350
24347
24345
24343
24343
24340
24339
24336
24335
24332
24329
24322
24316
24313
24307
24306
24300
24288
24288
24286
24283
24282
24279
24271
24271
24268
24266
24263
24258
24253
24250
24249
24243
24241
24238
24236
24228
24224
24209
24209
24206
24199
24185
24184
24178
24177
24176
24174
24169
24165
24159
24159
24157
24155
24149
24148
24146
24146
24142
24140
24140
24132
24128
24124
24123
24119
24105
24105
24105
24103
24102
24101
24099
24095
24093
24092
24089
24088
24086
24085
24081
24078
24077
24066
24064
24058
24057
24046
24045
24042
24037
24032
24031
24018
24017
24014
24004
24003
23994
23991
23977
23974
23968
23960
23957
23955
23946
23944
23941
23939
23938
23936
23934
23928
23922
23914
23914
23910
23895
23889
23885
23885
23883
23879
23876
23870
23861
23853
23846
23836
23833
23830
23828
23824
23811
23811
23805
23798
23797
23788
23785
23785
23784
23782
23781
23781
23780
23777
23776
23768
23749
23747
23745
23744
23740
23739
23735
23729
23725
23722
23707
23704
23704
23701
23691
23690
23688
23687
23675
23674
23673
23669
23667
23658
23657
23652
23651
23650
23648
23641
23636
23636
23624
23621
23620
23619
23618
23617
23616
23613
23611
23609
23607
23606
23599
23599
23598
23595
23590
23589
23584
23580
23579
23576
23576
23576
23576
23572
23569
23568
23560
23558
23558
23555
23546
23544
23542
23540
23532
23528
23521
23514
23511
23511
23507
23503
23499
23496
23495
23493
23491
23485
23481
23479
23479
23479
23474
23473
23472
23470
23454
23452
23449
23440
23440
23437
23435
23419
23418
23415
23415
23414
23412
23411
23403
23403
23402
23382
23381
23381
23372
23362
23360
23353
23352
23351
23346
23346
23343
23343
23342
23337
23336
23334
23331
23326
23324
23315
23314
23312
23309
23308
23298
23293
23291
23287
23278
23270
23268
23262
23260
23256
23254
23254
23253
23250
23247
23243
23240
23239
23236
23236
23231
23228
23227
23226
23225
23224
23220
23209
23208
23208
23207
23206
23205
23203
23201
23200
23198
23197
23193
23183
23177
23176
23176
23176
23172
23170
23169
23169
23169
23167
23159
23158
23157
23155
23154
23151
23151
23149
23147
23145
23139
23138
23137
23130
23129
23119
23116
23114
23113
23112
23102
23097
23090
23089
23079
23079
23076
23074
23071
23062
23061
23059
23059
23053
23050
23046
23045
23039
23039
23037
23036
23031
23029
23029
23027
23026
23024
23024
23022
23019
23018
23016
23010
23010
23005
23003
22993
22986
22985
22981
22981
22977
22975
22971
22967
22966
22955
22949
22948
22941
22938
22935
22932
22931
22929
22929
22928
22923
22919
22916
22916
22916
22914
22914
22912
22912
22912
22909
22903
22899
22899
22894
22894
22891
22890
22883
22882
22878
22876
22874
22872
22871
22870
22866
22866
22862
22851
22849
22846
22838
22836
22834
22826
22825
22823
22821
22819
22817
22813
22811
22810
22809
22808
22805
22790
22789
22785
22784
22772
22764
22761
22744
22744
22744
22743
22740
22739
22736
22735
22735
22729
22726
22721
22720
22716
22711
22710
22709
22708
22707
22700
22698
22697
22696
22687
22680
22673
22671
22669
22669
22668
22666
22665
22663
22662
22660
22658
22658
22654
22651
22650
22644
22643
22638
22630
22629
22628
22627
22623
22621
22615
22614
22612
22611
22609
22605
22604
22603
22601
22600
22595
22594
22586
22584
22583
22572
22567
22567
22562
22562
22562
22556
22556
22554
22550
22550
22545
22544
22544
22544
22543
22537
22533
22533
22529
22521
22518
22517
22517
22515
22514
22510
22503
22502
22502
22496
22496
22494
22484
22480
22480
22479
22478
22478
22477
22476
22475
22469
22466
22463
22462
22460
22452
22452
22452
22446
22436
22436
22434
22430
22428
22427
22424
22421
22420
22415
22405
22400
22395
22391
22390
22388
22388
22387
22386
22384
22369
22362
22361
22356
22355
22352
22349
22348
22348
22346
22344
22341
22336
22332
22332
22331
22330
22330
22330
22323
22323
22319
22317
22313
22312
22310
22308
22308
22307
22306
22304
22303
22302
22299
22298
22295
22293
22293
22292
22291
22290
22284
22281
22280
22277
22274
22272
22266
22259
22257
22252
22247
22242
22240
22223
22220
22219
22219
22218
22215
22214
22213
22210
22209
22208
22205
22200
22181
22177
22175
22173
22170
22165
22164
22161
22153
22153
22152
22150
22098
22095
22092
22092
22089
22088
22084
22079
22075
22073
22070
22060
22056
22055
22055
22053
22053
22050
22048
22047
22036
22035
22035
22033
22031
22026
22024
22023
22015
22007
22001
22001
22000
21994
21989
21988
21983
21977
21973
21966
21965
21961
21950
21947
21942
21938
21931
21930
21922
21920
21917
21916
21913
21911
21909
21909
21907
21896
21894
21886
21886
21882
21879
21875
21873
21871
21863
21863
21851
21841
21838
21836
21835
21828
21827
21821
21817
21816
21812
21810
21803
21800
21797
21791
21789
21787
21785
21775
21771
21770
21767
21767
21767
21764
21761
21757
21753
21752
21750
21748
21746
21735
21733
21730
21729
21726
21720
21719
21710
21708
21707
21705
21704
21703
21703
21703
21694
21693
21693
21686
21672
21671
21665
21661
21655
21650
21647
21644
21640
21639
21637
21634
21633
21632
21611
21610
21608
21607
21607
21597
21597
21596
21595
21592
21575
21574
21573
21572
21569
21565
21564
21562
21560
21557
21550
21548
21543
21541
21540
21536
21530
21525
21521
21518
21517
21516
21515
21513
21510
21507
21505
21502
21502
21493
21491
21490
21489
21489
21487
21486
21480
21477
21473
21473
21470
21465
21464
21463
21457
21457
21457
21451
21443
21441
21439
21435
21435
21434
21431
21431
21429
21422
21418
21415
21412
21408
21407
21402
21402
21402
21392
21384
21382
21381
21374
21373
21368
21366
21363
21355
21352
21349
21346
21336
21330
21329
21329
21325
21324
21313
21313
21311
21310
21309
21297
21294
21290
21286
21285
21275
21275
21274
21273
21271
21268
21263
21249
21242
21242
21241
21239
21238
21234
21232
21226
21224
21224
21224
21222
21222
21220
21219
21214
21213
21211
21210
21209
21208
21205
21204
21201
21197
21195
21190
21189
21188
21185
21185
21184
21180
21177
21172
21169
21167
21164
21161
21148
21143
21142
21142
21135
21130
21130
21124
21122
21120
21120
21119
21116
21115
21113
21110
21110
21100
21097
21097
21095
21090
21089
21088
21077
21073
21072
21071
21068
21064
21060
21053
21053
21050
21047
21035
21033
21024
21021
21020
21020
21016
21006
21005
21005
21004
21000
20989
20986
20985
20983
20982
20981
20980
20970
20968
20966
20960
20951
20939
20939
20935
20933
20931
20930
20927
20926
20926
20924
20922
20914
20912
20910
20908
20904
20902
20901
20900
20897
20896
20894
20891
20890
20885
20883
20883
20878
20875
20872
20865
20855
20855
20852
20850
20849
20846
20845
20845
20832
20832
20824
20820
20818
20816
20807
20804
20804
20802
20802
20793
20790
20779
20774
20773
20768
20768
20765
20756
20753
20753
20750
20747
20740
20732
20728
20726
20717
20716
20716
20716
20710
20707
20705
20704
20701
20699
20697
20694
20692
20685
20682
20680
20673
20672
20666
20661
20660
20660
20656
20656
20651
20648
20648
20635
20635
20631
20628
20623
20620
20615
20608
20607
20602
20601
20587
20584
20577
20575
20569
20568
20567
20566
20560
20560
20556
20556
20549
20549
20547
20545
20544
20542
20539
20537
20537
20531
20529
20529
20527
20523
20519
20518
20517
20513
20507
20506
20504
20503
20499
20496
20496
20480
20477
20475
20475
20468
20456
20454
20450
20448
20444
20438
20436
20433
20430
20430
20428
20423
20422
20417
20411
20409
20408
20407
20396
20395
20393
20391
20391
20386
20386
20385
20383
20382
20367
20363
20361
20358
20352
20347
20347
20342
20341
20341
20336
20332
20331
20329
20323
20323
20317
20312
20310
20308
20304
20292
20289
20288
20283
20282
20281
20274
20273
20272
20265
20264
20260
20260
20260
20258
20258
20251
20250
20240
20237
20233
20233
20232
20230
20230
20230
20229
20228
20225
20224
20219
20219
20218
20213
20210
20209
20204
20204
20201
20199
20194
20193
20192
20190
20189
20188
20185
20183
20183
20176
20175
20175
20173
20169
20163
20160
20154
20137
20132
20132
20131
20127
20122
20118
20116
20115
20114
20108
20099
20093
20089
20088
20083
20080
20075
20068
20064
20058
20056
20056
20055
20054
20050
20046
20043
20041
20030
20028
20024
20019
20019
20014
20010
20007
20006
19993
19987
19985
19983
19980
19979
19978
19974
19972
19969
19966
19966
19960
19957
19957
19956
19948
19948
19945
19932
19932
19927
19921
19920
19920
19917
19914
19913
19913
19904
19900
19895
19893
19893
19892
19890
19888
19887
19878
19877
19876
19875
19872
19867
19866
19865
19860
19859
19853
19851
19849
19844
19837
19835
19834
19833
19832
19825
19820
19812
19810
19807
19806
19804
19800
19799
19799
19799
19783
19782
19773
19767
19766
19758
19757
19755
19752
19748
19745
19743
19743
19739
19737
19734
19730
19729
19728
19726
19724
19723
19722
19720
19715
19710
19709
19699
19698
19696
19690
19689
19685
19681
19680
19679
19669
19667
19660
19659
19637
19635
19629
19626
19623
19622
19621
19619
19619
19615
19614
19609
19609
19609
19608
19608
19606
19600
19600
19590
19589
19588
19588
19584
19579
19577
19575
19566
19565
19563
19557
19555
19551
19551
19545
19544
19542
19537
19536
19536
19536
19535
19534
19533
19533
19530
19530
19529
19528
19527
19526
19526
19522
19514
19507
19504
19501
19488
19488
19475
19470
19468
19467
19466
19458
19457
19457
19456
19445
19445
19442
19440
19439
19436
19431
19431
19429
19428
19422
19421
19419
19417
19416
19414
19413
19410
19410
19407
19399
19398
19398
19393
19391
19384
19384
19373
19373
19372
19370
19360
19360
19358
19358
19355
19354
19349
19341
19335
19335
19335
19332
19310
19307
19297
19286
19283
19280
19279
19274
19273
19271
19268
19267
19266
19266
19261
19259
19257
19251
19251
19251
19244
19243
19237
19236
19233
19233
19212
19211
19210
19210
19209
19204
19198
19198
19195
19193
19193
19191
19188
19186
19179
19175
19172
19171
19168
19167
19166
19165
19156
19155
19151
19150
19150
19147
19143
19140
19138
19135
19127
19126
19123
19117
19117
19117
19112
19110
19110
19109
19104
19093
19092
19089
19089
19087
19082
19079
19078
19077
19074
19072
19066
19065
19056
19055
19049
19048
19048
19047
19041
19038
19038
19037
19036
19033
19031
19031
19031
19029
19029
19027
19027
19022
19021
19015
19013
19006
18999
18998
18997
18994
18994
18991
18990
18987
18981
18976
18974
18974
18974
18972
18971
18971
18969
18946
18941
18933
18931
18929
18917
18915
18914
18912
18911
18911
18903
18898
18896
18895
18894
18888
18877
18875
18874
18872
18870
18861
18860
18860
18853
18852
18850
18850
18847
18846
18845
18832
18828
18827
18827
18826
18821
18817
18813
18806
18806
18805
18803
18802
18802
18800
18797
18788
18786
18784
18783
18782
18782
18780
18778
18771
18765
18758
18757
18756
18747
18738
18735
18732
18730
18727
18727
18721
18720
18719
18719
18713
18712
18708
18707
18706
18702
18702
18694
18689
18686
18685
18683
18681
18679
18678
18675
18674
18670
18655
18653
18653
18641
18640
18638
18633
18631
18630
18625
18624
18624
18620
18620
18619
18619
18612
18608
18606
18597
18597
18594
18591
18590
18589
18589
18587
18585
18578
18577
18566
18561
18559
18558
18550
18547
18543
18536
18534
18533
18533
18529
18525
18523
18523
18523
18518
18515
18515
18515
18514
18512
18510
18510
18509
18506
18506
18497
18495
18492
18492
18490
18488
18487
18486
18486
18486
18485
18481
18479
18478
18472
18470
18461
18461
18458
18455
18452
18451
18441
18440
18439
18436
18433
18427
18423
18418
18415
18414
18405
18404
18396
18383
18379
18374
18371
18369
18363
18363
18359
18358
18352
18347
18345
18339
18339
18338
18334
18329
18328
18327
18323
18323
18322
18322
18318
18309
18304
18298
18298
18291
18288
18281
18280
18280
18274
18273
18271
18269
18261
18259
18256
18253
18251
18250
18246
18245
18244
18241
18239
18239
18236
18235
18235
18228
18227
18227
18225
18221
18220
18215
18211
18211
18211
18209
18208
18205
18203
18202
18202
18200
18198
18197
18194
18183
18182
18178
18160
18157
18154
18152
18143
18143
18142
18139
18138
18135
18132
18132
18131
18128
18127
18126
18123
18112
18109
18108
18106
18103
18101
18098
18092
18091
18090
18088
18086
18085
18084
18078
18077
18076
18075
18074
18071
18070
18066
18059
18057
18057
18038
18037
18035
18035
18031
18030
18029
18027
18027
18017
18016
18013
18011
18004
18000
17998
17996
17995
17989
17988
17987
17982
17971
17970
17969
17966
17960
17956
17952
17950
17948
17948
17948
17945
17937
17935
17930
17930
17912
17912
17908
17907
17900
17898
17896
17895
17893
17887
17879
17876
17874
17871
17868
17860
17860
17860
17860
17859
17858
17858
17856
17848
17846
17841
17840
17838
17835
17834
17832
17829
17828
17828
17827
17813
17811
17810
17808
17797
17796
17792
17788
17787
17787
17781
17774
17768
17766
17765
17765
17763
17759
17755
17753
17737
17733
17729
17722
17710
17706
17701
17695
17694
17694
17686
17680
17674
17661
17659
17655
17652
17649
17649
17647
17642
17636
17631
17630
17628
17627
17626
17621
17617
17616
17615
17614
17609
17606
17601
17601
17600
17596
17593
17587
17583
17577
17575
17574
17572
17563
17561
17557
17557
17555
17554
17548
17547
17546
17544
17543
17541
17537
17533
17528
17525
17508
17507
17505
17504
17502
17502
17501
17498
17490
17487
17485
17482
17481
17480
17479
17475
17473
17472
17468
17467
17465
17464
17462
17461
17459
17457
17456
17454
17454
17449
17446
17445
17438
17435
17434
17431
17430
17426
17424
17422
17422
17418
17417
17416
17416
17413
17408
17407
17406
17405
17405
17400
17396
17396
17395
17394
17388
17387
17383
17381
17379
17372
17369
17368
17367
17366
17361
17360
17354
17353
17352
17351
17346
17344
17338
17337
17336
17336
17330
17318
17313
17309
17309
17307
17304
17294
17292
17291
17281
17278
17277
17273
17272
17270
17267
17263
17255
17248
17241
17240
17240
17237
17228
17225
17223
17217
17216
17215
17205
17205
17196
17187
17185
17182
17181
17180
17174
17167
17166
17161
17157
17156
17155
17149
17147
17144
17139
17137
17137
17136
17134
17132
17130
17126
17121
17121
17117
17116
17116
17115
17113
17113
17110
17105
17102
17096
17092
17092
17088
17086
17084
17081
17081
17076
17076
17073
17072
17072
17070
17064
17061
17058
17053
17052
17050
17049
17048
17048
17043
17043
17038
17034
17028
17024
17007
17007
17006
17005
16998
16998
16997
16994
16992
16989
16985
16985
16984
16982
16981
16979
16978
16978
16973
16969
16962
16960
16952
16945
16944
16935
16934
16934
16932
16927
16919
16913
16910
16910
16906
16892
16892
16890
16889
16886
16884
16883
16882
16878
16870
16868
16866
16865
16863
16858
16843
16835
16829
16829
16820
16814
16806
16806
16798
16793
16784
16781
16779
16772
16771
16766
16764
16763
16759
16748
16746
16745
16745
16743
16741
16740
16739
16731
16728
16727
16725
16724
16724
16724
16719
16718
16715
16711
16710
16707
16705
16705
16705
16702
16702
16697
16693
16692
16686
16681
16678
16678
16673
16668
16666
16664
16656
16655
16653
16652
16649
16649
16648
16648
16627
16627
16616
16613
16613
16611
16602
16601
16600
16592
16587
16587
16585
16580
16579
16579
16574
16573
16572
16571
16571
16569
16567
16563
16547
16543
16542
16537
16535
16534
16531
16527
16506
16505
16503
16499
16495
16492
16490
16472
16465
16457
16456
16452
16450
16447
16447
16446
16444
16441
16439
16433
16432
16431
16426
16424
16420
16419
16418
16410
16403
16403
16403
16399
16395
16386
16385
16383
16383
16382
16382
16382
16381
16378
16376
16374
16370
16369
16364
16362
16360
16360
16359
16351
16349
16347
16347
16344
16338
16327
16327
16326
16320
16314
16310
16308
16305
16304
16304
16300
16299
16286
16285
16285
16275
16271
16269
16265
16262
16261
16259
16259
16258
16256
16255
16255
16253
16253
16248
16237
16236
16233
16232
16231
16224
16219
16218
16215
16207
16200
16198
16190
16188
16187
16187
16184
16182
16177
16175
16175
16174
16170
16166
16163
16160
16157
16151
16150
16148
16147
16145
16141
16138
16138
16133
16129
16128
16127
16122
16122
16119
16117
16113
16109
16103
16102
16100
16092
16092
16090
16086
16084
16084
16071
16070
16066
16065
16065
16064
16060
16058
16056
16056
16048
16047
16047
16043
16043
16039
16033
16028
16028
16025
16013
16011
16010
16004
16002
16000
16000
15999
15998
15995
15993
15983
15981
15977
15976
15975
15970
15965
15965
15959
15953
15952
15951
15950
15946
15944
15942
15941
15940
15932
15930
15930
15926
15925
15918
15917
15912
15912
15910
15909
15908
15905
15904
15904
15903
15903
15903
15896
15893
15883
15877
15876
15871
15871
15868
15867
15864
15864
15863
15863
15860
15856
15852
15848
15843
15837
15831
15830
15822
15820
15819
15817
15815
15815
15812
15807
15797
15796
15796
15782
15779
15778
15777
15773
15773
15772
15770
15758
15756
15752
15740
15740
15739
15739
15738
15738
15736
15732
15732
15727
15724
15716
15711
15709
15707
15702
15699
15689
15688
15687
15687
15670
15667
15664
15653
15651
15650
15643
15641
15641
15639
15634
15630
15625
15618
15609
15606
15599
15599
15598
15597
15597
15591
15589
15584
15578
15570
15569
15568
15564
15561
15561
15547
15543
15540
15537
15534
15534
15525
15524
15522
15520
15516
15511
15497
15496
15494
15490
15488
15480
15477
15476
15467
15467
15464
15462
15459
15459
15456
15454
15453
15444
15443
15442
15432
15431
15425
15416
15415
15410
15408
15407
15399
15397
15397
15395
15392
15392
15376
15364
15357
15355
15353
15348
15347
15346
15346
15343
15339
15338
15333
15333
15332
15331
15322
15321
15318
15317
15312
15299
15297
15296
15294
15280
15276
15275
15271
15271
15269
15268
15266
15265
15263
15260
15260
15259
15257
15257
15255
15252
15252
15250
15249
15246
15237
15236
15235
15232
15232
15231
15227
15227
15225
15223
15221
15221
15217
15213
15212
15212
15208
15198
15196
15194
15190
15186
15180
15179
15170
15161
15161
15155
15154
15154
15151
15150
15150
15143
15142
15136
15135
15131
15111
15109
15105
15103
15101
15098
15088
15086
15081
15078
15078
15072
15071
15070
15070
15067
15066
15063
15063
15056
15056
15045
15043
15035
15034
15034
15029
15028
15026
15025
15024
15019
15019
15013
15010
15009
15008
15007
15005
14997
14997
14992
14991
14987
14984
14983
14982
14981
14979
14976
14976
14972
14971
14958
14951
14940
14937
14933
14929
14927
14925
14924
14922
14922
14922
14918
14911
14902
14901
14899
14898
14897
14897
14895
14894
14892
14889
14886
14880
14878
14877
14877
14875
14875
14871
14865
14864
14863
14862
14856
14849
14842
14839
14832
14828
14826
14824
14819
14818
14812
14810
14806
14799
14795
14792
14792
14790
14780
14766
14765
14749
14740
14729
14729
14720
14715
14714
14707
14704
14702
14698
14698
14692
14691
14690
14689
14679
14673
14673
14672
14671
14671
14666
14662
14662
14660
14658
14655
14654
14652
14643
14640
14635
14634
14634
14634
14634
14633
14632
14627
14626
14625
14615
14607
14604
14603
14602
14595
14594
14593
14592
14592
14592
14591
14576
14574
14568
14567
14562
14546
14539
14532
14532
14531
14524
14522
14521
14511
14496
14495
14493
14491
14488
14482
14482
14470
14463
14460
14457
14453
14452
14451
14443
14440
14434
14433
14428
14424
14424
14421
14415
14413
14409
14405
14396
14394
14390
14381
14377
14373
14372
14365
14365
14364
14357
14355
14353
14350
14350
14350
14348
14347
14347
14345
14344
14341
14339
14336
14330
14324
14322
14321
14316
14311
14311
14305
14300
14299
14298
14294
14292
14289
14283
14283
14279
14277
14276
14272
14272
14270
14269
14268
14266
14243
14242
14239
14231
14230
14223
14221
14220
14218
14214
14214
14211
14203
14196
14195
14194
14194
14190
14186
14180
14179
14172
14172
14171
14166
14152
14148
14142
14142
14142
14135
14129
14129
14124
14123
14120
14115
14112
14112
14108
14104
14099
14097
14096
14090
14087
14084
14083
14076
14073
14070
14070
14069
14066
14061
14057
14043
14043
14039
14035
14030
14025
14021
14014
14011
14004
14003
14002
13991
13990
13988
13985
13983
13979
13976
13974
13970
13966
13964
13962
13959
13957
13943
13941
13941
13937
13935
13931
13930
13924
13924
13917
13912
13909
13904
13900
13900
13899
13895
13892
13889
13888
13884
13880
13878
13869
13866
13865
13863
13862
13852
13850
13849
13849
13847
13838
13835
13833
13826
13826
13824
13823
13818
13813
13807
13806
13806
13804
13798
13795
13788
13782
13778
13773
13772
13771
13770
13769
13767
13756
13756
13752
13748
13747
13747
13746
13745
13744
13741
13732
13732
13731
13730
13728
13726
13721
13720
13718
13715
13714
13709
13708
13708
13703
13702
13702
13696
13692
13685
13684
13682
13678
13675
13671
13667
13665
13664
13661
13660
13657
13653
13651
13650
13649
13647
13647
13645
13644
13643
13641
13633
13629
13628
13628
13627
13627
13626
13623
13621
13620
13618
13614
13613
13612
13602
13596
13589
13581
13570
13564
13562
13561
13552
13552
13548
13536
13534
13534
13525
13522
13516
13516
13512
13511
13507
13500
13498
13495
13495
13492
13488
13487
13485
13484
13479
13477
13475
13475
13474
13473
13470
13460
13456
13455
13455
13452
13441
13438
13434
13433
13432
13432
13431
13428
13420
13419
13414
13408
13406
13403
13402
13398
13393
13390
13389
13387
13385
13384
13380
13368
13367
13365
13359
13358
13352
13352
13350
13349
13346
13340
13337
13336
13331
13327
13327
13317
13316
13311
13305
13305
13304
13292
13281
13280
13279
13275
13265
13253
13251
13249
13246
13237
13237
13236
13234
13234
13233
13233
13230
13226
13220
13219
13218
13214
13213
13213
13211
13202
13200
13199
13191
13185
13185
13181
13174
13171
13169
13168
13157
13151
13149
13148
13147
13145
13145
13142
13140
13140
13138
13135
13135
13129
13128
13121
13113
13108
13104
13102
13100
13092
13091
13090
13087
13078
13076
13075
13072
13070
13067
13067
13064
13061
13061
13057
13057
13055
13055
13053
13045
13038
13037
13036
13032
13031
13021
13021
13021
13018
13016
13014
12998
12996
12994
12994
12991
12991
12990
12987
12985
12981
12981
12979
12978
12978
12977
12976
12974
12973
12968
12967
12967
12966
12964
12964
12962
12959
12959
12956
12955
12954
12952
12951
12947
12947
12941
12941
12934
12932
12931
12930
12927
12927
12916
12913
12913
12905
12903
12901
12899
12873
12871
12867
12864
12862
12859
12857
12855
12854
12854
12853
12848
12842
12837
12834
12832
12831
12831
12828
12827
12825
12822
12820
12819
12818
12815
12812
12812
12812
12811
12806
12804
12800
12794
12789
12789
12789
12782
12779
12772
12772
12771
12769
12767
12767
12766
12765
12760
12751
12748
12742
12737
12737
12734
12724
12724
12723
12723
12722
12721
12717
12717
12710
12708
12705
12704
12703
12695
12694
12693
12691
12691
12690
12690
12690
12689
12682
12672
12670
12662
12659
12655
12655
12644
12639
12639
12636
12632
12626
12620
12615
12614
12602
12599
12598
12598
12594
12594
12591
12591
12590
12590
12590
12589
12586
12583
12583
12583
12579
12575
12570
12563
12561
12559
12558
12552
12551
12542
12542
12540
12534
12530
12529
12526
12523
12513
12510
12505
12505
12503
12503
12500
12499
12474
12472
12471
12470
12469
12468
12466
12464
12453
12450
12447
12444
12441
12441
12439
12428
12424
12421
12420
12416
12412
12404
12400
12400
12397
12394
12394
12392
12391
12387
12386
12384
12381
12380
12377
12375
12371
12367
12366
12365
12358
12354
12352
12352
12349
12346
12345
12343
12332
12325
12312
12307
12298
12298
12297
12295
12295
12279
12275
12274
12269
12268
12265
12265
12255
12253
12252
12251
12251
12249
12246
12244
12242
12237
12237
12231
12228
12223
12219
12218
12217
12216
12213
12210
12208
12202
12192
12191
12190
12186
12177
12173
12173
12166
12165
12164
12164
12164
12162
12160
12160
12159
12158
12157
12156
12151
12151
12150
12149
12148
12146
12145
12139
12130
12129
12125
12125
12121
12118
12112
12105
12103
12094
12092
12091
12091
12089
12089
12088
12082
12080
12076
12073
12071
12068
12068
12057
12057
12054
12051
12048
12046
12045
12040
12034
12034
12033
12032
12030
12027
12017
12011
12008
12007
11999
11995
11983
11982
11981
11979
11979
11973
11973
11973
11971
11970
11965
11958
11952
11947
11947
11945
11944
11943
11942
11940
11940
11938
11936
11935
11935
11928
11922
11919
11915
11915
11914
11910
11903
11900
11897
11897
11893
11893
11879
11871
11870
11870
11861
11849
11849
11849
11843
11843
11837
11836
11827
11826
11824
11820
11820
11814
11803
11798
11797
11797
11795
11787
11781
11780
11776
11769
11765
11761
11761
11748
11742
11735
11731
11730
11723
11722
11720
11709
11708
11707
11707
11707
11706
11704
11703
11702
11696
11695
11687
11686
11677
11675
11674
11673
11667
11665
11665
11663
11661
11660
11656
11648
11645
11644
11644
11641
11639
11634
11623
11622
11621
11611
11608
11608
11605
11602
11600
11600
11600
11599
11597
11594
11592
11591
11588
11586
11583
11580
11580
11576
11575
11571
11567
11561
11555
11554
11554
11554
11551
11548
11545
11533
11532
11531
11517
11513
11513
11512
11510
11506
11497
11494
11494
11493
11492
11483
11476
11473
11472
11470
11469
11467
11467
11456
11456
11453
11451
11449
11448
11446
11444
11443
11439
11438
11438
11435
11427
11424
11422
11422
11419
11416
11412
11411
11410
11400
11395
11391
11391
11390
11386
11383
11382
11381
11380
11380
11377
11372
11372
11372
11371
11370
11369
11367
11365
11356
11349
11347
11340
11337
11335
11332
11329
11328
11324
11320
11316
11312
11312
11310
11305
11303
11301
11300
11298
11293
11285
11285
11279
11279
11274
11269
11264
11263
11258
11256
11249
11249
11244
11242
11236
11228
11219
11217
11214
11213
11205
11199
11198
11196
11191
11189
11182
11179
11179
11170
11170
11170
11162
11162
11161
11158
11154
11152
11150
11145
11145
11143
11141
11138
11137
11125
11110
11109
11103
11102
11100
11099
11097
11090
11083
11074
11069
11062
11055
11052
11050
11050
11047
11046
11046
11030
11025
11024
11023
11022
11017
11010
11007
11004
11003
11001
10994
10989
10988
10984
10983
10963
10961
10960
10957
10954
10947
10942
10942
10940
10939
10929
10923
10915
10913
10913
10910
10910
10909
10906
10905
10901
10898
10896
10896
10895
10880
10879
10879
10879
10879
10879
10877
10876
10875
10871
10870
10860
10857
10849
10846
10837
10835
10833
10827
10827
10826
10819
10816
10810
10809
10806
10804
10804
10800
10792
10783
10775
10764
10762
10760
10747
10746
10745
10744
10744
10729
10727
10726
10725
10724
10723
10721
10719
10714
10710
10702
10699
10691
10691
10690
10684
10684
10683
10679
10678
10676
10674
10656
10646
10641
10640
10630
10625
10624
10622
10622
10620
10615
10611
10607
10604
10602
10602
10596
10596
10592
10592
10591
10591
10588
10587
10586
10582
10581
10578
10573
10570
10566
10564
10562
10557
10551
10549
10546
10543
10533
10532
10531
10528
10526
10524
10523
10516
10514
10510
10509
10505
10505
10504
10495
10490
10488
10485
10485
10475
10472
10470
10470
10469
10466
10464
10462
10457
10446
10440
10438
10438
10438
10436
10434
10432
10430
10426
10410
10405
10405
10403
10403
10402
10401
10400
10393
10390
10390
10389
10384
10381
10381
10374
10373
10370
10369
10368
10367
10366
10357
10355
10344
10341
10339
10334
10331
10330
10323
10323
10321
10310
10308
10304
10302
10301
10298
10296
10292
10291
10290
10285
10285
10279
10274
10269
10268
10267
10262
10262
10260
10260
10242
10242
10239
10237
10232
10232
10227
10226
10224
10221
10216
10213
10212
10203
10200
10199
10193
10193
10193
10191
10188
10188
10185
10180
10174
10160
10159
10150
10149
10144
10143
10141
10136
10131
10129
10129
10128
10128
10128
10124
10122
10112
10109
10102
10098
10086
10083
10083
10076
10076
10072
10072
10070
10066
10066
10061
10060
10053
10052
10050
10049
10049
10044
10042
10041
10037
10031
10025
10021
10012
10012
9999
9997
9996
9995
9994
9991
9983
9974
9970
9968
9966
9963
9963
9962
9960
9959
9954
9951
9950
9950
9949
9941
9935
9929
9926
9926
9920
9911
9908
9906
9905
9902
9893
9891
9890
9890
9880
9877
9873
9869
9867
9863
9860
9842
9836
9833
9830
9825
9820
9820
9818
9811
9809
9803
9798
9794
9780
9779
9774
9773
9773
9773
9770
9764
9760
9760
9755
9755
9751
9747
9739
9732
9730
9728
9728
9723
9717
9711
9709
9703
9698
9691
9688
9688
9686
9686
9674
9671
9669
9669
9669
9663
9661
9660
9657
9651
9648
9644
9638
9627
9626
9624
9623
9620
9617
9615
9612
9611
9611
9610
9601
9595
9593
9586
9583
9581
9575
9571
9562
9560
9560
9558
9557
9556
9553
9552
9549
9548
9547
9545
9544
9543
9541
9541
9541
9537
9536
9536
9531
9516
9512
9512
9508
9505
9500
9499
9498
9497
9496
9494
9493
9492
9491
9490
9488
9486
9484
9479
9477
9475
9467
9466
9464
9460
9456
9455
9448
9446
9443
9442
9438
9435
9432
9427
9426
9426
9423
9417
9415
9414
9414
9398
9392
9387
9387
9382
9380
9377
9375
9372
9361
9357
9349
9347
9343
9342
9340
9336
9334
9332
9330
9330
9330
9325
9324
9324
9315
9313
9293
9293
9290
9289
9279
9277
9276
9274
9269
9263
9262
9261
9255
9250
9246
9235
9229
9228
9228
9222
9217
9209
9205
9195
9194
9193
9189
9189
9187
9185
9185
9179
9178
9175
9172
9171
9168
9162
9161
9160
9159
9155
9151
9147
9144
9142
9135
9128
9124
9122
9119
9118
9108
9107
9102
9101
9100
9100
9096
9096
9095
9090
9087
9083
9081
9078
9077
9075
9072
9070
9066
9061
9059
9047
9042
9042
9040
9039
9036
9036
9023
9020
9018
9016
9014
9012
9008
9007
9002
9001
8998
8997
8993
8992
8992
8991
8988
8988
8978
8974
8971
8970
8968
8968
8963
8960
8959
8958
8956
8956
8941
8932
8930
8909
8909
8908
8903
8902
8895
8894
8890
8890
8890
8887
8885
8883
8881
8869
8865
8856
8856
8854
8853
8853
8851
8843
8843
8842
8842
8840
8836
8836
8832
8830
8821
8820
8817
8809
8803
8800
8795
8793
8791
8789
8788
8784
8773
8765
8761
8759
8759
8755
8754
8751
8751
8747
8747
8744
8742
8726
8721
8711
8710
8709
8709
8707
8705
8704
8701
8700
8695
8685
8682
8681
8676
8676
8675
8670
8670
8666
8665
8662
8647
8645
8642
8641
8641
8638
8638
8631
8630
8626
8622
8613
8611
8608
8606
8606
8602
8597
8596
8595
8594
8590
8588
8580
8575
8574
8571
8568
8566
8557
8554
8550
8550
8545
8543
8540
8540
8540
8531
8531
8527
8526
8525
8519
8514
8511
8511
8508
8502
8500
8498
8489
8481
8480
8472
8470
8466
8465
8462
8459
8457
8453
8449
8445
8444
8432
8431
8430
8429
8428
8422
8419
8415
8413
8413
8404
8402
8399
8396
8386
8382
8379
8379
8374
8372
8366
8364
8364
8363
8347
8341
8331
8326
8323
8312
8310
8310
8310
8302
8299
8286
8285
8284
8282
8275
8275
8272
8271
8264
8264
8263
8262
8261
8259
8248
8248
8246
8235
8234
8230
8229
8225
8217
8215
8215
8210
8207
8207
8206
8190
8188
8185
8176
8173
8168
8168
8158
8158
8152
8152
8151
8149
8149
8143
8141
8140
8140
8139
8136
8129
8114
8113
8110
8109
8109
8099
8099
8097
8095
8094
8089
8089
8085
8084
8081
8077
8073
8069
8069
8068
8064
8060
8058
8054
8044
8041
8028
8024
8023
8021
8020
8019
8018
8016
8006
8005
8001
8000
7989
7986
7983
7983
7981
7980
7975
7973
7965
7962
7959
7959
7957
7954
7952
7949
7943
7941
7941
7935
7932
7927
7926
7924
7919
7918
7917
7913
7912
7911
7904
7903
7902
7890
7883
7881
7879
7876
7875
7873
7871
7868
7867
7866
7862
7861
7856
7854
7854
7842
7841
7829
7825
7820
7817
7811
7806
7797
7784
7783
7781
7778
7771
7770
7765
7752
7750
7747
7746
7746
7744
7737
7732
7730
7721
7721
7721
7718
7716
7714
7709
7695
7693
7682
7681
7677
7673
7665
7663
7662
7660
7660
7659
7659
7649
7647
7646
7638
7638
7632
7629
7622
7620
7611
7608
7594
7590
7586
7584
7583
7575
7570
7567
7567
7564
7562
7556
7550
7546
7543
7532
7532
7526
7522
7520
7503
7503
7501
7499
7494
7492
7490
7485
7484
7481
7480
7477
7473
7472
7470
7469
7468
7468
7462
7460
7459
7458
7457
7456
7454
7452
7449
7446
7443
7433
7430
7428
7426
7424
7423
7423
7421
7420
7420
7417
7413
7412
7408
7392
7391
7390
7386
7383
7382
7381
7380
7378
7376
7376
7375
7374
7373
7371
7370
7367
7365
7363
7361
7359
7349
7347
7345
7340
7339
7337
7328
7327
7324
7323
7319
7319
7318
7314
7313
7304
7300
7298
7290
7287
7287
7286
7284
7282
7280
7278
7275
7273
7261
7255
7249
7243
7242
7242
7241
7241
7240
7240
7239
7236
7234
7233
7227
7218
7215
7214
7210
7207
7207
7206
7200
7200
7199
7197
7196
7193
7192
7192
7191
7189
7181
7175
7174
7172
7169
7168
7166
7162
7159
7150
7145
7139
7132
7127
7125
7123
7121
7110
7108
7107
7099
7097
7095
7091
7082
7073
7072
7071
7071
7071
7069
7063
7060
7052
7052
7051
7049
7049
7045
7044
7043
7041
7039
7038
7033
7029
7024
7021
7020
7014
7014
7012
7006
7001
6996
6988
6988
6987
6982
6971
6962
6959
6953
6945
6944
6943
6939
6937
6936
6927
6927
6926
6926
6919
6917
6915
6914
6913
6910
6910
6909
6909
6903
6901
6900
6898
6894
6889
6886
6885
6884
6880
6877
6868
6856
6851
6849
6844
6844
6839
6838
6830
6829
6829
6829
6825
6822
6820
6816
6815
6810
6810
6805
6797
6796
6795
6795
6791
6790
6789
6789
6788
6787
6785
6784
6781
6778
6774
6765
6763
6761
6756
6755
6752
6749
6743
6743
6733
6729
6724
6720
6711
6707
6707
6706
6699
6698
6695
6693
6688
6683
6683
6671
6663
6660
6656
6655
6652
6652
6651
6649
6648
6646
6644
6644
6643
6637
6636
6636
6635
6633
6628
6624
6616
6612
6605
6600
6598
6597
6592
6591
6585
6581
6580
6578
6577
6575
6571
6566
6560
6559
6559
6554
6552
6551
6549
6547
6538
6533
6532
6531
6526
6519
6511
6510
6497
6487
6484
6482
6481
6479
6474
6473
6472
6471
6470
6468
6467
6464
6462
6459
6457
6456
6454
6454
6454
6451
6447
6446
6445
6444
6440
6435
6427
6426
6412
6404
6402
6398
6395
6390
6388
6386
6382
6379
6377
6376
6366
6365
6361
6360
6357
6357
6349
6348
6343
6343
6330
6321
6319
6319
6316
6315
6315
6308
6304
6299
6292
6290
6281
6281
6280
6279
6273
6269
6266
6262
6261
6255
6250
6249
6241
6241
6239
6234
6230
6225
6224
6221
6218
6215
6214
6214
6213
6210
6210
6194
6193
6193
6185
6183
6181
6181
6176
6171
6158
6157
6155
6155
6154
6151
6149
6148
6145
6141
6139
6135
6134
6134
6128
6127
6126
6126
6123
6121
6120
6114
6108
6103
6100
6098
6097
6094
6092
6091
6090
6082
6082
6077
6072
6072
6069
6069
6067
6049
6038
6032
6030
6030
6029
6022
6021
6017
6016
6015
6014
6014
6006
6001
5996
5996
5989
5986
5984
5981
5977
5974
5972
5968
5965
5962
5961
5949
5947
5945
5935
5934
5932
5932
5929
5929
5923
5922
5919
5907
5906
5906
5905
5902
5902
5901
5898
5897
5884
5883
5874
5858
5857
5854
5848
5843
5840
5840
5836
5835
5835
5831
5829
5829
5819
5818
5815
5804
5803
5802
5798
5796
5790
5788
5788
5785
5785
5784
5780
5776
5774
5767
5763
5759
5757
5755
5750
5748
5745
5745
5742
5742
5739
5735
5735
5728
5723
5722
5717
5711
5704
5692
5689
5688
5683
5678
5676
5675
5674
5665
5663
5662
5660
5657
5654
5646
5644
5642
5642
5631
5631
5627
5625
5625
5622
5618
5618
5617
5610
5607
5600
5599
5596
5596
5595
5593
5592
5585
5583
5578
5571
5561
5558
5557
5556
5553
5551
5550
5545
5543
5541
5539
5537
5535
5530
5526
5523
5523
5521
5518
5517
5507
5505
5504
5498
5496
5495
5487
5484
5483
5481
5477
5477
5477
5477
5464
5463
5445
5445
5439
5438
5432
5432
5419
5417
5417
5414
5409
5408
5401
5401
5400
5399
5390
5386
5386
5383
5382
5380
5377
5370
5369
5369
5369
5368
5359
5355
5354
5352
5347
5345
5343
5335
5332
5321
5317
5314
5310
5304
5299
5298
5297
5294
5293
5293
5291
5291
5290
5285
5282
5266
5266
5264
5264
5261
5260
5258
5248
5237
5237
5226
5221
5220
5218
5216
5215
5206
5204
5203
5203
5201
5199
5184
5176
5175
5174
5172
5164
5163
5161
5155
5152
5151
5147
5141
5141
5141
5137
5135
5134
5134
5132
5129
5116
5110
5109
5108
5106
5104
5098
5093
5093
5091
5087
5084
5081
5078
5077
5074
5067
5067
5064
5063
5060
5058
5055
5046
5043
5040
5039
5033
5032
5031
5031
5026
5026
5025
5024
5022
5021
5018
5016
5011
5004
4998
4996
4994
4994
4993
4991
4986
4985
4983
4975
4975
4974
4972
4969
4967
4966
4964
4964
4964
4960
4956
4955
4952
4952
4951
4951
4950
4937
4934
4933
4920
4908
4908
4903
4898
4895
4895
4892
4887
4884
4878
4875
4854
4848
4844
4842
4833
4832
4830
4822
4811
4806
4806
4803
4801
4798
4798
4795
4776
4775
4773
4764
4763
4759
4753
4752
4750
4734
4734
4733
4728
4726
4721
4715
4714
4714
4711
4706
4702
4696
4689
4688
4687
4687
4685
4676
4675
4675
4674
4672
4668
4665
4658
4653
4651
4649
4648
4641
4640
4632
4628
4625
4622
4615
4611
4607
4596
4595
4586
4584
4579
4576
4571
4568
4567
4566
4565
4559
4557
4555
4553
4552
4552
4548
4546
4544
4538
4535
4532
4532
4531
4526
4526
4524
4523
4519
4514
4510
4507
4505
4505
4503
4497
4490
4487
4484
4482
4480
4477
4476
4475
4471
4469
4464
4460
4457
4455
4454
4453
4453
4451
4442
4440
4438
4433
4432
4422
4419
4417
4414
4413
4410
4407
4405
4401
4394
4390
4386
4386
4384
4380
4380
4378
4376
4373
4367
4366
4365
4365
4364
4357
4356
4354
4352
4352
4352
4349
4347
4347
4343
4340
4339
4338
4338
4337
4336
4334
4332
4332
4329
4327
4324
4323
4314
4314
4304
4301
4300
4296
4295
4294
4286
4284
4279
4278
4277
4272
4272
4268
4262
4262
4257
4254
4253
4249
4243
4240
4235
4234
4229
4229
4228
4221
4217
4214
4206
4198
4197
4193
4189
4189
4188
4187
4185
4181
4179
4177
4177
4176
4174
4172
4172
4160
4159
4158
4154
4152
4152
4148
4145
4140
4136
4127
4126
4123
4120
4119
4115
4111
4110
4110
4107
4104
4103
4099
4099
4099
4091
4090
4087
4086
4085
4079
4078
4074
4068
4064
4059
4056
4056
4053
4049
4047
4037
4034
4023
4019
4019
4013
4012
4011
4009
4008
4007
4004
4000
3999
3995
3991
3990
3990
3985
3982
3980
3978
3975
3973
3973
3972
3965
3962
3960
3947
3946
3936
3936
3935
3933
3931
3922
3921
3919
3916
3915
3914
3914
3901
3897
3897
3896
3887
3886
3883
3879
3876
3874
3872
3867
3864
3860
3857
3849
3840
3839
3834
3832
3831
3829
3818
3811
3805
3802
3797
3795
3789
3787
3786
3786
3782
3781
3776
3775
3772
3772
3769
3769
3764
3756
3755
3754
3753
3747
3744
3742
3739
3737
3736
3736
3735
3735
3734
3732
3728
3718
3716
3713
3710
3707
3701
3700
3700
3697
3691
3691
3690
3685
3685
3683
3677
3670
3670
3665
3662
3661
3658
3658
3658
3654
3652
3650
3648
3643
3641
3639
3632
3629
3620
3613
3607
3604
3601
3600
3599
3595
3595
3593
3589
3589
3588
3586
3584
3584
3583
3580
3576
3572
3571
3570
3561
3557
3557
3554
3554
3551
3545
3544
3543
3541
3540
3531
3518
3513
3510
3507
3506
3503
3501
3498
3496
3485
3482
3481
3480
3475
3470
3469
3468
3468
3468
3466
3462
3455
3451
3447
3446
3446
3444
3442
3442
3441
3435
3431
3430
3422
3421
3419
3419
3416
3411
3411
3410
3402
3396
3395
3395
3386
3386
3386
3384
3383
3382
3376
3375
3372
3369
3368
3355
3351
3347
3347
3344
3344
3341
3337
3332
3329
3327
3325
3324
3319
3316
3315
3308
3305
3300
3300
3295
3294
3289
3288
3284
3276
3273
3268
3262
3256
3255
3254
3252
3250
3249
3249
3248
3247
3246
3240
3239
3235
3235
3233
3232
3232
3229
3229
3227
3222
3212
3212
3211
3211
3209
3208
3201
3194
3189
3189
3189
3182
3177
3171
3168
3165
3163
3163
3162
3156
3154
3154
3144
3139
3133
3130
3125
3125
3123
3117
3117
3109
3103
3096
3096
3092
3088
3085
3084
3084
3080
3077
3072
3068
3068
3068
3066
3065
3052
3043
3043
3038
3034
3030
3028
3015
3014
3004
2998
2995
2991
2988
2987
2985
2977
2973
2968
2960
2955
2954
2949
2949
2948
2946
2945
2944
2938
2935
2934
2929
2918
2914
2910
2900
2898
2892
2892
2890
2887
2887
2886
2884
2880
2870
2870
2867
2866
2863
2860
2857
2853
2850
2850
2847
2845
2845
2836
2835
2835
2832
2825
2813
2811
2811
2803
2803
2802
2798
2794
2785
2781
2774
2770
2767
2763
2761
2760
2758
2757
2750
2748
2746
2735
2734
2734
2733
2728
2722
2721
2720
2720
2718
2714
2708
2701
2700
2699
2695
2690
2683
2682
2680
2679
2677
2676
2672
2665
2660
2660
2656
2641
2640
2636
2635
2634
2630
2629
2621
2620
2618
2616
2609
2601
2600
2599
2594
2591
2589
2587
2586
2577
2575
2571
2567
2566
2564
2560
2554
2550
2548
2548
2546
2546
2543
2543
2539
2537
2532
2529
2529
2528
2526
2526
2525
2523
2518
2517
2516
2512
2510
2508
2503
2499
2497
2496
2495
2493
2487
2485
2485
2483
2480
2480
2478
2474
2472
2471
2469
2467
2465
2462
2460
2458
2455
2455
2451
2450
2450
2444
2435
2432
2431
2426
2426
2423
2421
2420
2419
2417
2409
2408
2406
2406
2406
2404
2402
2398
2392
2390
2386
2383
2380
2378
2378
2378
2375
2375
2368
2363
2360
2347
2346
2346
2342
2333
2329
2327
2326
2323
2319
2318
2315
2311
2309
2305
2302
2296
2293
2290
2287
2287
2284
2276
2274
2269
2260
2260
2259
2250
2248
2239
2239
2237
2236
2225
2216
2207
2206
2205
2201
2197
2196
2196
2194
2194
2176
2176
2174
2171
2169
2160
2157
2151
2151
2148
2145
2140
2139
2139
2133
2131
2130
2128
2127
2123
2117
2109
2108
2107
2106
2105
2105
2097
2094
2091
2089
2086
2078
2073
2067
2066
2064
2064
2062
2058
2056
2055
2051
2041
2034
2033
2032
2029
2029
2027
2024
2023
2015
2009
1996
1992
1991
1988
1987
1985
1981
1978
1977
1976
1975
1964
1963
1962
1957
1954
1947
1947
1945
1945
1944
1944
1942
1937
1936
1931
1931
1929
1928
1928
1918
1915
1914
1914
1910
1910
1902
1900
1895
1878
1878
1875
1875
1862
1854
1853
1850
1843
1838
1838
1829
1824
1824
1822
1822
1821
1816
1813
1812
1808
1804
1804
1804
1795
1794
1794
1787
1786
1786
1782
1774
1773
1771
1768
1766
1765
1762
1760
1748
1748
1744
1742
1741
1740
1738
1737
1735
1735
1734
1733
1732
1732
1731
1731
1731
1728
1724
1721
1720
1719
1719
1716
1705
1697
1688
1688
1688
1684
1672
1670
1666
1664
1663
1663
1662
1659
1645
1644
1642
1642
1636
1635
1635
1634
1626
1624
1624
1623
1617
1616
1616
1613
1613
1610
1608
1608
1608
1604
1599
1595
1594
1593
1591
1591
1589
1587
1587
1585
1584
1582
1571
1569
1558
1557
1554
1547
1547
1544
1544
1543
1540
1536
1528
1522
1520
1517
1511
1507
1503
1501
1497
1488
1486
1482
1481
1478
1474
1474
1473
1472
1466
1466
1461
1461
1451
1432
1431
1428
1423
1423
1421
1420
1420
1419
1416
1403
1399
1397
1394
1392
1392
1389
1388
1386
1386
1378
1377
1370
1369
1368
1364
1362
1362
1361
1358
1356
1352
1347
1346
1344
1341
1335
1327
1322
1319
1318
1318
1315
1308
1308
1307
1298
1295
1293
1290
1287
1282
1274
1274
1272
1263
1259
1257
1252
1250
1250
1248
1246
1246
1244
1242
1241
1236
1233
1232
1231
1230
1230
1229
1216
1215
1215
1214
1212
1206
1205
1201
1198
1193
1192
1191
1190
1187
1178
1175
1175
1174
1169
1167
1167
1164
1154
1154
1151
1148
1137
1131
1130
1128
1127
1127
1126
1121
1115
1112
1112
1109
1109
1107
1106
1105
1104
1102
1100
1091
1089
1086
1075
1074
1070
1067
1066
1063
1055
1053
1053
1052
1052
1045
1044
1043
1039
1034
1031
1026
1017
1016
1015
1008
1005
1003
1003
1002
1002
1001
1000
999
995
991
987
985
985
977
976
973
973
972
972
966
966
960
958
956
955
951
941
938
926
926
924
921
917
911
909
903
900
899
897
894
893
890
886
873
872
868
866
860
860
859
859
857
849
849
848
843
839
837
833
832
828
827
825
823
822
814
813
811
809
803
802
801
796
788
783
781
780
780
772
768
766
766
756
749
741
738
737
728
725
723
722
722
721
720
718
714
712
711
710
707
703
702
699
691
690
688
686
685
685
683
674
672
661
661
658
652
651
648
644
642
638
637
634
632
632
630
627
623
622
619
614
611
607
606
606
604
593
590
582
576
576
575
570
564
562
560
557
555
550
548
544
542
537
535
535
535
522
521
520
517
515
512
512
507
506
503
502
501
497
492
486
482
482
481
481
469
469
468
466
455
448
446
442
437
436
432
431
428
426
425
420
419
415
405
404
403
402
391
391
386
382
382
380
376
374
373
365
364
364
349
346
346
344
341
338
337
337
331
326
322
318
316
315
315
315
313
312
311
308
305
296
295
294
289
288
280
270
267
267
267
258
257
257
257
253
250
249
249
248
245
242
241
241
234
234
233
231
230
229
227
214
213
212
198
197
192
192
187
180
179
170
168
167
152
150
148
143
128
127
127
127
125
119
118
113
112
109
100
99
92
89
78
77
61
61
58
57
57
44
41
34
34
34
32
29
28
20
17
17
8
4
