10000
25221
28834
1449
28204
19662
31639
5534
272
19482
21773
1385
13926
12847
21449
11404
13370
18236
12360
28256
27152
12292
25170
29018
31515
32574
31954
23436
6319
30268
31716
14447
24825
14540
14640
27615
5614
30812
31351
22119
16513
23137
20075
3775
5145
7673
11204
21651
9794
17614
1680
8326
20130
17214
20426
30071
17200
31674
4911
22275
17568
2412
10061
2379
28449
7709
9181
32247
843
30549
4690
4731
15187
11972
3250
920
130
27104
16037
14886
5349
11472
31948
21778
1349
21641
26195
5283
30553
31799
17610
2817
10299
20958
7728
13815
12057
7745
11601
26104
22573
1027
13395
5728
11247
14860
23947
6909
30345
17710
7829
18126
25483
29960
20899
28682
480
10283
30997
30052
17409
7036
24906
10382
20584
18650
5302
16892
13896
6400
22069
16874
23163
27820
5535
25248
12475
16641
4765
32757
5398
29481
8635
6162
22940
26432
18366
18808
23643
5741
7991
29253
14733
18514
15448
21682
28175
31655
775
25825
32277
16929
9009
9174
29725
5017
12129
11203
19489
23658
401
20872
7953
19227
25152
32634
8832
8510
9668
11619
20638
2967
13282
6603
19558
17793
11676
10358
22040
2958
9546
2606
25578
8558
7404
4547
13050
28434
16063
23119
25736
30992
1038
8894
31586
14410
15947
654
19871
5323
13918
23508
16016
2033
22077
11904
21748
10705
4285
12513
363
11735
31656
20844
10542
4781
20495
1465
18684
2398
17633
2766
17496
22460
30653
31392
13553
14847
22533
23255
20066
1966
18484
2258
10779
8131
26993
9963
3999
24586
17764
28412
3313
11210
19016
3618
29512
17831
19777
28096
3082
199
1776
3527
6648
3380
15941
21557
31398
25473
5525
30172
31791
5041
11757
23653
15142
31572
5285
11668
7376
9971
12088
22478
14736
25262
6483
18392
19362
15908
10539
11233
30220
1939
3604
26563
30674
576
15696
7814
8042
23578
8484
29989
4719
9882
15921
29333
15770
22253
17154
8452
237
4437
13794
21599
27697
17357
13552
14870
8099
21484
31861
5667
9451
25611
10100
20809
21581
29610
24195
15513
6691
24336
26842
11835
12427
562
21418
23403
8541
726
9136
5058
9312
1528
17673
16823
11709
21613
11592
21605
16563
12998
25542
30351
23181
28791
25657
14049
2513
29241
3976
1400
1467
15276
7902
10917
23017
15425
19710
6894
31320
25431
10710
19542
21391
16292
19542
28895
11034
11735
22146
14924
25658
23163
32710
2859
31963
6943
6538
14611
22214
25268
16903
17451
8472
21814
14681
10219
30195
16015
3285
10535
115
28856
3228
17737
16100
19745
16240
9950
13618
32083
18631
17236
9120
7892
29982
1537
5565
26186
24720
11368
23957
32228
27559
14264
20260
8950
29298
6038
20496
18147
31192
29212
3991
14144
18219
11554
31429
4406
5633
7356
16619
1064
24639
31491
31822
10134
27766
3353
21276
26690
5747
6503
9380
20625
1553
4905
5829
12339
18514
7981
6055
26374
32430
21975
10154
22328
6315
26217
32668
17069
19374
32641
26415
6048
15633
8420
20394
28812
4725
14969
1758
19277
23642
15513
5724
15234
3821
32134
8933
7223
32032
6200
24610
1217
2560
10336
27797
1256
1092
1959
10704
27724
24609
28726
25829
8449
17254
10364
25373
18813
6084
7211
9965
19892
5997
1668
293
29569
2018
4565
17003
6728
5893
4160
8424
23002
3702
12733
9793
2200
20764
23394
14793
27868
22274
995
6901
7572
7013
14677
24592
22064
12555
13367
19759
16831
28886
7090
5992
340
30360
24352
26687
29103
24617
18636
13665
29721
695
11768
16533
16016
2654
24613
21487
30500
14328
17294
3654
7841
12599
12022
21481
3694
5873
30883
14222
3509
21946
21675
28555
16836
25784
26734
11081
32180
26291
14180
23797
13640
24940
19737
19320
5911
32560
18549
170
4590
3756
11329
26562
18800
13571
6375
12306
15871
1566
21369
18417
11232
30532
15861
1016
26009
24554
9416
18033
11678
31948
1424
15116
21293
10556
13094
31444
5751
17082
31452
11362
6144
27334
12035
29776
22344
6898
15025
18929
1195
16187
8897
1087
10886
19097
6170
13077
29083
31189
32565
6303
1207
14491
4313
22286
22418
23760
30761
9872
21750
11301
4577
10111
14371
24557
12509
9432
5491
6956
3035
23280
22074
1776
14465
5730
11248
2276
22434
16204
16018
18466
22205
9403
6725
29769
27334
7267
8253
719
10281
19092
32477
22169
23565
9833
29983
1481
2773
3651
25911
12760
14317
117
31347
9700
23235
19521
26214
12107
9491
20228
31045
25720
32360
4525
6545
19965
22752
23155
24310
9698
17199
1736
21620
8509
23526
16776
9660
30723
2550
26999
15325
7966
7791
15338
3359
26816
17294
6084
9263
32502
23799
27812
8829
27776
15679
10845
16867
10208
21677
17575
6535
21681
15682
7956
10754
12090
18422
30021
29890
22083
28485
4957
8876
26407
21226
29366
32262
8235
8427
3795
17301
32014
4053
1686
3842
482
20041
23987
26243
10266
2999
29285
10679
8675
32362
31584
26577
26552
2757
8710
24824
17456
28620
3293
14062
21019
7398
28225
4336
8398
5344
27478
14046
29371
566
28481
26524
19013
24718
16024
28344
14546
24454
24342
15693
9249
25263
10132
2599
30174
17113
3124
15655
26995
13458
31456
10729
27682
30697
23539
23973
17232
13688
2869
1107
27940
11425
23821
10515
28497
5911
1010
21963
2096
26016
27171
22034
30226
14874
21400
8525
18644
17084
23608
12311
29108
23199
9804
16615
1378
4989
19764
20460
25691
3256
28760
17980
15730
15262
27234
9262
7855
2283
2219
11012
2141
26511
22258
18894
13919
18610
21332
20875
5059
4342
7800
13456
3226
29436
31755
21806
12806
21289
14188
10127
25748
6314
16552
10977
30924
4021
5544
32182
2567
16658
19369
4523
28545
25307
19693
16968
1967
18048
7856
21288
19923
26637
17246
6490
28109
688
3331
21510
18996
20086
29699
30804
10405
19285
17931
29833
30811
15727
16711
11892
26368
16021
28630
16648
14275
2314
22395
15690
4267
24458
20885
29294
12843
13963
8017
316
19702
707
3614
16057
27156
20714
16481
10756
6454
2753
28266
31102
22855
3411
13223
813
28483
29819
15384
1123
8012
16294
26115
3226
31739
13274
11241
4003
16372
7928
27320
25344
26045
24638
22594
10894
29136
23055
15854
30823
8942
12535
19374
9222
31927
31722
5937
7340
24696
18892
7001
15107
10308
8247
19439
22017
30790
22392
4502
7952
14933
30682
16893
2412
30665
31784
26713
16588
1421
7533
29203
29508
13942
3070
5053
29290
2003
14778
31307
28600
31814
6545
7296
22577
6354
30787
16550
4935
14388
21098
2690
10493
10359
19387
9607
4937
18115
11145
24394
16060
3446
650
17974
32356
18549
24030
8321
30450
25541
11085
20318
17688
2133
13009
29301
25397
31518
18772
24464
4660
29294
8378
17047
18865
21889
22818
31166
29534
6738
14185
509
30118
13744
9456
1985
20880
20884
23712
28641
22501
15794
26923
27859
14741
20046
22676
29728
30551
7505
18673
10261
29840
24988
12912
2491
12662
20636
4760
1802
28789
15903
23761
14682
19154
28262
21543
26650
30862
20091
12875
9156
20365
1733
16346
3344
15863
7129
16866
7273
17375
4499
24739
32157
12322
17510
27538
21464
9362
27888
7844
31187
9556
465
19656
4681
14215
27582
5045
31915
21286
16337
31975
532
11312
29731
12260
20095
5894
17053
6596
2616
3092
11787
11760
10128
3763
23922
9258
14549
31566
16804
22478
25217
196
14609
11351
15794
18702
9696
6948
16090
5410
10815
20093
29880
20503
32503
28113
13191
23945
6211
32577
117
10047
3298
611
20822
11787
29547
10303
29850
8690
10721
19614
13692
17805
15239
5253
4221
8367
22773
22012
3089
17993
5740
11539
2456
12682
25703
25127
8847
32330
30322
1378
26120
168
3135
25473
2647
32754
20727
14298
26383
6342
17614
16285
19245
2679
25818
4698
914
29618
1317
25539
9655
16994
4353
4788
29340
23248
9627
10608
26113
14863
15059
13102
17881
6039
20043
2772
17916
18992
17598
1794
5148
29714
30100
10066
24570
14922
5299
9950
13273
2911
28311
6147
12595
14646
10917
28005
1452
27187
1980
5171
11332
9633
18190
941
20176
32596
14638
26083
23467
9868
8553
15807
9129
23581
25434
11845
5196
5069
11961
18202
25147
17662
7540
31299
14319
11917
30721
7984
15536
4601
5106
9977
1984
10696
202
26087
21462
24358
30479
5686
1741
720
15776
30745
24990
3376
31049
13055
27788
10697
6805
23573
29598
4566
24035
17932
10066
31278
4540
32284
13712
6251
5988
6729
28381
843
20911
15589
19409
29271
30230
29014
26315
8386
29706
17945
15843
22419
26249
18439
20768
25351
17390
17111
28908
30512
16397
27365
20676
18403
5247
21553
12852
22481
9019
23211
15363
17140
10086
24494
20907
2093
26733
202
32523
5675
9040
11206
19552
8078
7745
13285
3698
31308
6765
19561
1803
3668
6170
3158
27053
6002
8434
24440
6276
15987
3230
2215
11674
19849
29591
6474
9290
1009
17465
538
14071
19666
11802
8489
17662
23913
22425
28962
21736
32355
4538
15826
1765
1162
32305
487
2934
15524
23484
20984
29289
20120
27830
30918
26122
23507
11242
10434
9880
23786
17317
26319
23030
641
31503
4680
931
7531
3514
11845
14572
21011
8572
20506
25952
6938
20090
22305
13189
24385
28038
20922
28105
7818
8363
13199
27579
31386
18949
16669
24443
7778
25814
21616
5999
18686
29911
24365
2104
32733
32716
19926
13029
11299
17755
12362
15206
10059
10526
19339
17219
31505
759
30916
23694
22671
18852
30091
10518
2726
19347
2403
31197
26527
27127
9349
716
1554
2587
23520
30374
14599
12534
26206
7995
5980
32001
32617
17886
4711
29253
21166
24
24539
19640
21792
13470
15088
19657
12096
27777
16574
12858
7324
17573
27626
22830
25750
4980
29573
11651
20583
5843
4401
26721
16996
15957
29318
19475
21119
26031
22964
21014
5136
4973
12649
32624
26838
4067
6133
21315
1336
26725
9644
930
2513
12987
29323
31907
22060
9423
7967
21942
30924
21673
25763
12597
24688
13469
28777
14908
12949
8131
3707
13498
27451
2728
26497
21448
10732
11331
21989
19002
20475
13099
5686
18804
21514
23303
22218
25216
28366
30277
27304
32093
1303
16399
9124
23193
29450
2682
6092
21282
7345
7425
22019
19033
26551
22323
19948
1640
620
27560
28426
25301
7183
18233
17189
4440
29261
30832
2031
23786
22533
11070
3047
8991
6478
3308
21118
30645
24763
11348
17272
9837
478
10833
27030
1817
19722
20084
1138
22519
20573
21497
29098
4669
10750
761
12608
27893
20388
27105
2369
523
28504
19234
3237
18853
19835
4906
2423
24498
17418
27284
8758
18374
18209
14491
5754
8997
4798
10709
32474
3358
26056
3870
14
4506
28240
10449
14673
29172
19222
12863
29193
11275
17999
16729
19114
30614
11685
20144
29912
11704
27520
31136
14028
20181
17796
23751
15864
6819
25691
1724
1262
28292
2228
27390
20606
24083
4491
24363
2078
14844
14251
30835
28048
30994
8818
23883
30654
14235
14805
24422
21737
16622
22947
29153
22530
22337
18958
20414
21848
11708
8551
26259
12916
18642
29481
22915
11585
14544
28729
12398
7793
25270
23660
1893
15131
19271
32074
21089
6569
6236
26130
2356
32241
15485
17662
20415
12450
178
5575
28262
26082
24727
23916
11969
30517
27823
21296
28820
29857
9978
6881
2818
20752
3530
29792
19965
11765
18642
1118
14337
2610
11392
6756
13314
22586
1933
6166
29603
16242
28370
23992
14760
3294
31581
24561
10414
5881
11972
19151
27161
6372
29113
22028
16719
18627
24799
11920
24356
11621
23516
6454
2452
30499
2736
13011
27576
24586
19781
29045
8691
22332
18758
19176
22125
31635
2613
9343
450
10632
26552
28688
9211
8275
9780
6721
2493
596
1437
11778
29120
13490
12941
20827
9859
25154
19859
32616
24638
9642
31949
9122
793
7878
15289
31327
3483
30538
23880
23197
19301
6825
29748
19707
8224
9526
5524
5128
32436
20105
10670
2496
24762
21285
16140
30292
21045
8536
5074
17450
25980
19810
18766
13605
9083
4313
30161
32038
19483
22859
2237
26067
31487
10790
13536
24471
1137
21973
21760
9193
7836
21036
32439
19666
11003
11270
14210
1449
13329
24108
20
14626
29531
3961
10736
24711
29571
31804
11062
22596
8918
3806
25789
23977
27128
27589
3683
6636
6870
29815
15777
24173
19421
1539
14947
30270
29546
30365
5654
12515
22401
5768
14594
2646
9665
14393
23002
5199
18327
953
5009
1217
18099
6475
3440
3496
21944
18255
26982
25090
20792
22374
27807
3099
19679
14039
5719
30990
238
32305
6385
23945
11243
7218
26947
22480
15511
10216
22581
29445
22561
7702
27274
28582
4249
3545
25341
30039
24487
30859
12944
4578
14717
26856
17185
10620
19466
1391
20542
15434
15985
8715
16954
9507
1209
5363
16256
13720
7110
21199
26664
21297
16776
5660
28616
31226
32114
5585
2445
18494
3374
3907
23178
30611
2447
10054
26191
26390
22471
26261
10686
6904
15066
21876
22554
21818
6482
31379
28257
11188
19253
16694
4316
16220
1076
2707
26356
30917
11813
28283
26951
28134
18355
28477
22011
21789
6996
9416
16210
10612
25212
8975
26751
25634
10513
8114
25785
28501
1310
6874
11405
13870
30411
3940
7544
30221
1165
28227
6069
13584
26522
26911
11860
470
23712
20546
7564
24713
27830
1973
31570
2331
17043
22438
22058
23247
24573
7181
13886
10492
18309
6032
13485
17678
28274
28067
7461
27085
2811
2035
19892
27618
4793
27397
18651
21398
32091
15898
11749
17374
8092
2647
2934
21141
12914
29986
16487
13832
23176
31183
24273
27575
17391
26236
17768
15450
9745
8249
25355
16675
17382
29293
22681
20035
15466
28021
27909
26287
16206
6285
1965
7460
31213
31476
9447
1640
20611
16459
30941
8404
14233
31806
13468
21775
16836
20839
8551
29724
13711
32623
1617
22167
16310
7287
3083
315
5525
32182
4858
29352
7135
4963
12172
32355
26003
15317
16589
22815
7980
20969
21813
14907
14873
31396
20932
13963
27756
30233
3922
14427
22742
30605
25120
14513
29395
18650
16306
7635
29474
15633
30433
25353
28792
13923
11820
28068
28789
17218
7247
13119
1239
5827
12055
5445
18670
24647
5236
5556
21328
18010
22992
18720
28621
2267
5535
10746
13733
3678
20279
12562
19961
24782
6370
22363
32384
23895
4146
25838
19579
7042
14485
12626
19435
20386
25641
14587
28417
11376
7890
11280
27094
2034
20361
23154
32348
18337
1015
8441
17557
22474
6722
15361
17154
12853
15655
8997
27487
14341
26185
21066
20365
25311
23240
9184
8912
4430
22038
8292
23354
29286
22278
26409
1895
21672
17190
5209
11371
23590
21583
18486
16393
25576
1146
13222
4902
3725
27605
19951
16508
18997
17687
6079
29587
19359
3088
3951
7149
17551
27268
14984
24705
22899
26425
26759
26476
6725
2895
4829
17890
691
29136
32314
11370
17790
30088
267
9035
26400
28951
4930
27457
27569
17732
2901
22133
7179
6548
11401
11692
9773
2844
27248
30143
7389
15763
1456
10571
6802
683
26119
15017
2960
2977
21900
29217
25429
22803
312
31834
16692
23827
25252
15637
18496
889
30484
14875
11883
5245
26549
12916
18159
9605
1827
13786
3053
3131
18478
20590
27476
2019
4574
7849
23301
5356
5301
23956
30773
7876
1331
19260
13842
1009
24480
27488
24489
8286
6405
1134
28935
20978
24956
26798
2974
11111
23465
24508
2539
18778
28041
17467
30294
32158
3690
10696
26970
17622
13883
7981
4837
14915
20998
24791
29442
32218
25019
3979
1461
16538
9007
16212
26150
27420
28260
29376
11522
4716
9995
22091
3615
12055
26439
20508
31071
19077
18356
14319
17110
5769
26792
19283
5679
9015
8377
12821
14667
9974
29823
9980
25132
3286
15259
6326
9234
15651
5879
22291
14307
21562
7248
8305
9168
15259
23282
9080
1590
22848
7619
18695
1986
18733
3715
23149
14553
21833
7762
22493
24119
8044
22387
4892
28886
12729
31823
25213
21777
26926
6077
15
3337
28281
25216
26901
27208
12557
8721
20918
676
6262
25760
246
27750
24553
15957
10469
1452
20512
27611
3862
19212
19301
32287
6483
378
24556
29525
4751
14188
21605
24893
15388
24892
25298
5284
32543
5325
5526
18989
21056
10353
31439
25681
10150
14602
8678
17061
30498
23408
5989
7771
14506
32019
21256
4108
25354
14306
19478
8885
17110
7531
10225
6143
15779
15683
14060
16835
21878
27304
13150
5325
125
1381
30453
22752
10493
18934
6732
6651
27020
27885
12991
16091
22912
1428
8830
26817
32167
3028
12000
117
12601
27989
20730
5259
6922
32231
29809
27877
772
18209
6284
30585
7125
31559
1933
29268
5349
3953
6210
30431
2187
16618
11735
19042
6784
2519
27118
6086
23188
18713
17649
30367
16287
8564
167
25450
20155
21488
10502
3346
17072
6527
5961
7098
18352
16353
11074
21686
8005
3525
12016
16346
16519
12849
6228
12792
18578
17187
7553
24740
20279
3961
20211
25402
29682
18446
11297
17699
14108
17446
26197
3411
29538
25868
17852
24342
2934
23801
25785
6157
8196
23864
13695
3955
25064
28552
1503
23205
21662
32450
30046
15074
5370
21179
4491
6223
30745
876
3216
11838
5783
10064
16902
19631
6146
16654
32270
21271
21135
12376
15005
18529
4876
10771
18199
13363
8470
31672
3616
7538
21388
7674
28079
21000
18756
23209
21859
23525
6652
2518
7963
18243
5011
10808
21953
7727
22393
22734
24166
15685
27748
27590
14228
26043
6212
13470
17119
12449
5754
11657
19646
18278
32324
5652
18073
1439
28028
17161
26403
26628
19331
9619
9450
27835
14456
19876
16173
18650
31917
27540
18669
5927
3163
5387
27206
25634
29588
20768
19456
15173
15994
12226
24930
6538
12719
28759
1094
26926
26380
31652
6003
27316
8854
13549
8998
12078
29613
26205
8178
1976
30343
19624
25546
3653
18909
1518
25949
11166
3300
26595
18850
16039
31103
301
28595
18660
28339
18957
28382
17469
32603
18498
15097
1534
22813
10794
25335
21282
6044
7467
7609
2513
22511
25425
6438
1063
8275
27704
16254
6199
28700
29997
26347
22864
3058
29840
8026
32383
23097
21628
4744
4692
25553
16555
10848
20457
19712
2963
29060
20769
23212
28373
25130
29230
22478
10968
5929
3670
28451
18865
4947
31222
19749
2375
4870
24007
7737
12468
7166
22368
15658
21742
16237
764
9686
20646
16974
21118
39
29552
8182
21938
22341
11301
6892
22486
20746
12933
20474
30297
31159
29729
32644
5346
30693
18553
281
21140
15550
12385
5448
25745
1132
9385
2485
31164
15058
14332
25452
3012
6266
4105
884
16734
3023
31201
31144
17873
17037
7584
31170
14776
26485
5456
9913
8451
26693
27402
10317
29248
22503
16990
16095
11033
16617
12534
18823
3613
31789
2677
29281
28099
24546
9125
29991
10411
23218
20690
13317
15144
20285
9073
3752
2556
17351
11014
12185
19042
14893
15684
17353
11090
17438
2421
20589
9216
10119
31516
6923
2982
10063
12249
22485
24195
17477
1166
4663
21539
2647
32192
940
10978
15876
3904
19669
19628
32276
1802
17612
12550
11654
8045
21174
8274
14794
31852
1431
15438
4400
6245
24171
29151
23969
25584
114
14349
22413
7434
15307
16462
17700
8563
9796
31751
31177
16468
13937
6992
27075
20261
5371
26872
9782
1486
6203
10184
21842
26124
7687
21772
31435
12823
14284
29776
9353
13954
23773
18536
20384
27490
5899
7603
6530
12466
23926
2464
4468
10742
4515
17264
15934
32031
21198
31294
11303
30895
7041
19517
5920
25885
23909
17218
1344
1403
3929
31362
25968
2902
25025
20892
1640
478
3360
20698
31194
29766
28394
8883
14316
21358
26771
18069
5868
24256
13548
24802
27455
5208
10159
19513
25499
27751
2904
20470
30071
25561
4407
8188
28095
6709
1988
2482
31179
1733
19250
29259
15506
2296
9287
2635
17435
22532
2410
23110
29493
5583
30206
3307
13160
2320
19438
6722
811
17073
29577
14386
13399
12921
11665
13382
28380
28391
19342
6833
19379
13409
17000
20111
7188
24462
19253
30573
12520
26368
1616
26636
13953
6166
21675
25186
30857
6944
23398
23778
8760
709
26016
11517
20170
27298
6285
15081
32305
26932
11720
8865
16903
22776
10219
26157
14022
15568
13662
5411
7483
17321
13676
3438
10296
12123
5020
14670
21130
8912
27966
28320
20778
7017
13636
21344
30136
6557
19027
27500
5412
15588
13082
13194
18095
22227
29923
28077
3858
14728
14439
628
19452
17736
12519
7156
29634
31079
31096
23991
32082
3176
23711
24068
1130
20326
14877
17505
32263
24755
32524
12631
4383
29118
25643
21365
26514
9274
26231
19864
2911
17020
11771
21097
9235
22309
22248
6438
10376
26626
20712
4006
22731
22576
18608
28055
5214
13700
20436
3339
24736
29993
14048
11315
13193
25483
19876
31849
22170
19316
32207
8820
30228
6261
29632
3080
12393
30856
18840
16013
14832
16627
26772
801
26844
6768
5274
5088
15727
14474
22033
11875
14955
8266
13814
12166
8650
16915
44
7279
27054
27339
20
15564
32155
20539
27486
10843
8164
15545
28447
31152
32611
7684
4899
24627
21869
31599
26500
31592
8197
5954
12411
7539
19536
16221
1143
17115
25930
4382
4204
5518
6838
13445
30318
8485
13403
21142
31358
7274
17773
19199
29092
27671
13386
27899
10046
17121
27239
14198
11415
693
16521
25714
18107
17218
31544
17321
28298
8631
27504
10356
5900
15822
1947
28395
11780
2057
4284
23630
2760
17723
6125
24228
16207
27467
30731
28577
32652
15157
6064
7885
4858
15441
1889
1763
1145
31960
20489
12919
1112
15268
1446
13276
12467
24375
29251
29765
14335
24063
27942
32298
2531
31705
12874
18158
2633
211
19984
15294
31414
19766
28977
5564
3542
28356
16631
14685
22876
6974
30637
9487
6665
13353
26964
13088
32265
14290
16535
13019
27014
17296
2049
7412
27000
2889
21358
26406
18618
27191
7615
15130
31587
28908
11986
5259
21587
5268
7602
2728
14604
25467
17162
18617
18372
25295
12256
31238
9144
31142
31871
11508
23490
3394
949
29042
7982
12948
24127
13971
13514
6400
12930
11132
26684
4704
11388
10113
24984
23627
12793
23947
6962
3735
9994
24253
27057
21276
22195
12375
19045
19131
21476
30938
27611
17312
26282
2157
9390
9411
22951
16511
19615
12981
15296
7854
11240
4505
27157
28391
29902
10352
30262
26831
31606
18843
15508
15458
8185
17562
16181
20954
7866
17690
6316
16595
15096
9007
6985
17068
30623
2270
28813
9264
21092
4318
19680
31350
13584
17055
2950
7941
4380
3980
18128
14140
22911
13710
16527
19186
20164
10961
11982
11865
20831
30410
16577
17192
11841
7289
28664
21753
6570
31211
29144
5359
19519
16644
23884
30877
30300
28027
22712
35
32171
23590
25647
10138
14582
26488
5093
1971
7737
11592
20199
27034
5884
25043
26121
21025
28383
21509
5920
18458
4215
1780
20594
23044
1112
1198
18539
9963
26227
20020
15762
28297
17827
3270
29371
27825
8578
26721
15229
1006
31361
10119
11494
31591
10296
31806
18030
21509
27130
8795
10026
30936
26029
13056
9026
20151
2264
20836
19877
26407
32766
5330
18939
23167
14379
21493
31452
3401
7884
13650
24639
25834
5059
10518
14901
12166
16827
12306
17367
17182
20665
5124
6780
6139
9972
29976
9520
25168
11239
20654
4194
28443
16804
25950
12765
18508
26731
6201
26874
25641
16507
16210
20243
25585
24104
30078
19514
9663
9262
23383
25643
11698
6213
27015
20352
10827
26102
14403
13604
6166
940
24597
6154
18573
11790
22495
19743
20537
11660
29725
3453
8218
6712
27498
30945
20041
4568
1094
7263
20956
5177
20502
20820
13834
31174
5996
2205
2192
14424
23433
22022
1874
27216
4384
20485
20806
19428
30813
6057
7822
8886
13862
7373
17380
17323
4769
29329
1339
11002
246
18443
31651
23171
21590
22841
4718
29283
17980
27706
24465
14277
12786
11966
23373
32250
10584
1980
15118
9677
18145
12643
29587
10000
24798
12114
9807
22651
511
29963
32271
27063
19222
20645
16094
17333
8735
28098
3365
17220
21118
1217
12311
483
647
2613
21324
8403
8771
29333
2988
19057
14193
24117
9103
24003
10956
16756
29219
30801
31372
23863
16909
21046
30255
7063
2899
8310
26489
9431
1145
29074
19642
16537
20202
14426
2127
22353
17050
30979
10603
10233
7402
19577
12824
1543
5836
11766
32376
13212
9767
18132
12625
11262
28285
11424
18888
29256
9419
17775
18029
14432
27312
18037
31096
29226
25810
211
29266
10491
4222
28849
8280
9041
7310
17037
4827
13505
18832
17106
31339
18992
5412
27565
20309
1606
13478
1308
16746
544
8973
2888
21762
1605
17939
20244
20801
20444
28311
1270
25497
13852
14399
13830
7312
17411
3169
18260
10692
6731
19492
2943
28972
11674
26082
4739
29088
13561
22993
11219
3228
23687
29155
20136
7489
4206
12522
23704
156
29719
15616
29290
29483
22938
18726
15145
26525
19833
16939
31095
15066
2701
17104
15140
26947
27200
4905
27391
10555
9469
14150
13548
3814
30437
20755
28727
7472
31940
22909
1064
26642
23875
29910
31448
11281
4703
26235
13890
32519
26393
26548
31645
32293
32111
26075
18666
7481
28812
27585
10441
31533
26428
14925
30864
24528
10914
21606
21662
18138
5421
531
7917
7210
28104
3809
21479
3409
849
18310
8571
5204
7245
31427
29807
8110
3802
399
28664
31637
5348
4721
904
24702
12444
25646
4839
19171
13606
25508
25733
68
18322
246
18959
25964
27662
22505
14144
2549
29530
14222
15098
3342
23676
19746
3733
16252
32436
30258
12151
9951
4018
32258
14052
17975
23047
18992
25624
20390
14298
14997
3219
9080
9692
16492
26293
16480
638
28854
25226
2308
19809
5597
1255
700
31501
1175
30902
29079
12519
14349
19086
30112
32093
31037
647
3423
24676
5532
4172
8610
14372
26880
15729
32381
26097
16062
6663
23951
16254
19983
5998
25991
8269
21945
17771
17127
12138
6891
25978
15880
11609
20328
18534
29278
24141
8935
10774
2814
25755
954
32682
10333
8045
21167
27591
21339
25019
3636
19758
8576
5495
14526
7060
28293
7944
32363
1710
20246
5370
24038
2955
8406
8180
22667
29734
23460
5866
28107
30012
2077
11155
26066
24155
32609
15134
12136
4156
22554
5921
21781
11602
9403
23250
19849
14499
26374
8313
11066
5847
23761
11045
28495
9614
2569
22686
957
23799
9207
28572
8368
12191
16834
7734
8492
7302
30262
15517
2804
10104
14019
10250
19883
11162
13257
18933
32057
15428
1555
8072
2928
2062
21921
21843
17648
29230
23978
19265
5447
22017
29153
5323
22109
10471
26872
18795
12048
28244
4194
14676
17691
12836
3422
23136
17980
32047
20273
330
3222
30750
30386
15133
25172
12413
22284
23276
10383
13329
29632
4036
25969
30315
8169
5855
32155
13501
8900
24090
7365
19437
1391
10921
4516
13544
28145
6154
8465
6969
11131
823
5223
16858
22510
13856
1837
10825
12956
26456
14325
12767
6227
25103
24707
6494
15512
27200
22834
10953
2096
12587
2964
29048
16613
28166
30809
14443
24198
28400
21618
17119
12592
13862
374
29471
15564
30585
25924
21405
28121
2560
25834
13889
2924
8714
1733
24065
2676
26454
32746
26290
9795
15239
12485
24349
25162
17618
21760
18774
22820
4346
27302
30025
31959
25726
5257
27030
11350
2577
31713
20127
16970
13898
30005
4062
273
21405
27775
10109
7
19082
23691
18464
32261
6676
21920
22790
15656
21621
22370
30800
19412
21520
503
30624
24312
15527
25193
1766
8595
7374
24139
375
7543
17311
672
4448
8525
7856
14840
7417
18393
13378
11740
12989
1151
3515
22380
26456
22790
9815
839
23042
6301
12826
19627
21260
23579
20745
21470
12472
2955
665
13260
5710
8424
28008
31473
4460
2085
20267
11129
10654
16496
10471
1702
3630
8888
31589
10099
22078
29037
10208
12407
1811
5511
18688
4363
21684
11465
6156
9647
20660
19783
12891
14250
31564
8742
21259
8177
27309
17827
21750
4426
31891
31830
4322
19889
17950
13752
27640
19195
13790
30180
10872
2745
7212
3226
23210
10591
3521
15753
27672
26790
21633
15822
18170
14638
25240
10936
30706
1896
31688
24014
17401
20403
2305
16915
14489
15813
18995
3720
3166
23373
23136
2547
25479
4566
14837
15327
19712
1007
21338
12004
2965
393
11720
10280
32608
7072
16987
30758
17283
6942
10088
18606
21533
24316
1552
3117
20598
26026
3605
29231
11645
1457
23533
1314
27765
6551
1301
21853
10731
8962
16040
21857
6379
10529
21040
19294
15987
22088
21692
31737
296
6362
21555
29260
24904
19308
28391
2350
27872
10279
2413
6581
17471
2926
5805
29434
17066
18881
9781
32540
8017
7394
11475
14728
6786
27702
15202
23159
2845
29805
6116
23480
24648
4710
27857
15023
27491
13644
687
7070
1599
15366
14307
12835
27018
16846
10951
4866
18318
7711
18940
21285
32540
7125
16130
6113
31426
11152
26373
31867
4164
5465
19962
28907
29770
28040
24555
30175
5719
20708
17551
23043
30970
11277
6430
23680
23112
4631
31843
22722
16521
26232
8467
24447
16178
24100
23133
24821
2068
7158
22210
19571
7378
27730
32039
18714
13464
25609
8233
27621
10762
26236
31664
3815
1403
22277
12487
11732
30560
31122
13227
27587
22276
18067
24609
9778
31101
13847
10253
14667
29918
17969
4161
22886
9134
16545
28563
9678
31897
944
9266
22728
4710
21084
13114
14545
20521
28597
1669
12072
17850
2439
15557
10124
6245
13881
16335
7495
27619
2549
5434
31083
22409
1802
7465
9820
15296
28046
13157
31886
2997
11847
26287
27792
24402
1228
14932
2634
24940
31975
9729
23939
28222
26430
18393
7078
30230
306
31941
11973
30798
21512
21259
11742
10878
3910
2851
10845
8176
25184
6854
30435
1364
6548
26183
19270
17589
531
9254
27097
9644
22881
7907
10733
15828
19454
18704
2967
17789
18246
22442
14516
9381
8854
22185
5931
19492
25520
27606
20594
12070
8801
15325
29268
28894
20321
9635
3313
6777
25210
18393
29190
27985
13292
1234
31086
9572
1297
30865
28393
16388
31805
5415
3357
6864
6120
22844
10714
32482
23823
21739
30626
27722
17623
28883
105
14779
11636
11114
15769
23685
21065
16533
29017
27843
3920
28534
9487
14806
29629
21125
28963
786
26590
32227
29191
10422
27206
22507
3700
26914
10282
24585
29430
32324
29963
22479
26282
12116
26005
581
23878
10945
4552
28033
27227
15467
16981
31352
31191
13330
3403
5908
29134
4110
9714
24199
8570
16449
25591
5086
8576
5451
17866
10969
2420
12284
29253
21242
7840
1295
32142
14556
24577
18709
30014
29126
5011
22703
30659
17792
14543
28928
23299
19045
1137
19554
9793
1978
18814
30552
25413
4670
29574
29125
2743
22274
30246
28763
4045
2171
21970
21077
20262
25046
11729
8041
25845
13451
22409
8696
11873
29749
5885
29065
31276
13473
28820
373
11411
20005
3100
2019
23158
7219
18702
20727
8121
2605
26644
21063
13546
25211
28104
4751
2084
5084
8895
14757
23859
24825
21702
23727
14584
11840
15723
23187
7183
25071
12736
23727
20656
2671
32603
20427
20435
16100
6817
26955
408
28162
581
3241
23781
3874
31755
9507
10833
27029
3794
18353
28225
26168
24017
12602
15952
8008
18721
29959
1525
8824
30587
28536
32352
6465
11588
20726
23972
19322
5318
21800
283
12328
23489
31338
5894
151
18978
19835
2933
426
13842
7541
15463
30575
31026
11267
14641
30454
19237
11726
4388
2660
9552
12088
30058
23363
5085
12621
12849
22300
6150
4854
17164
584
32656
6768
1685
27907
21909
13053
21848
32450
20615
13018
32748
3015
24946
15728
30819
26866
18561
5582
10981
29146
21188
30039
18839
13596
9520
15032
4033
15091
14568
1310
16433
6665
27835
4005
25306
20109
20461
24851
1473
1926
2618
9158
1306
24167
1304
14827
7853
11491
14909
25073
21631
29954
19297
32573
25263
3957
18245
23328
19614
5159
16372
29190
17746
12564
5704
8432
30493
25438
7857
18212
28281
18077
818
12322
11319
28279
1708
23003
8921
32370
3423
27422
9020
29701
3758
28243
31866
22261
21538
9323
21262
17375
10674
1047
29497
1296
25410
14648
8869
11677
23401
14487
13641
27313
20343
15319
27020
32545
15543
14760
20397
7494
8945
11837
16482
4875
20531
18431
9919
31813
6609
19587
8538
28483
9899
18873
16045
22438
11950
26471
22715
29555
21406
27862
21495
9831
30482
20172
17761
6027
12736
22969
17394
19720
20474
19509
26938
14907
30585
30122
17736
29708
23130
11598
18890
32636
7014
13653
28789
28286
18326
24164
8359
16136
2262
32584
6219
12393
30218
5352
23550
733
9295
7800
29295
21855
23939
2544
28428
5566
8199
17597
4059
14067
19395
17590
29349
8626
8299
7505
9562
4927
28929
29975
5553
24195
12444
28501
9231
17247
15463
24085
23978
20544
1772
20556
8686
500
2195
20565
14112
5564
6501
26270
4673
16802
6166
13474
22069
18188
579
15383
20004
5010
25080
9832
26401
25613
13429
8293
27913
7664
11826
7738
3758
21212
32
7069
27957
8814
562
11340
15037
28252
26396
28855
11330
5312
23899
17145
17088
9395
16757
12301
12187
16670
17794
4415
22590
9677
12779
23008
15618
709
9074
27966
18258
8664
27250
4308
17166
2678
28520
20157
1836
6086
16563
23663
4517
13557
11672
22949
6799
13263
4745
31645
25222
29068
15015
30852
16465
15852
31365
18223
12739
14470
26671
1803
29662
6236
21611
9303
26175
4532
26942
3216
15798
20003
4530
1837
18996
10987
3799
1677
21482
12679
24072
1326
21423
32387
21615
17183
2722
2705
5068
30648
15633
2522
15473
19336
5274
21906
145
11919
28048
5071
31931
24237
5025
4507
31138
12891
12725
839
31519
31641
31000
7939
16505
5927
17372
17836
6627
31736
13945
11749
14150
24292
9399
17769
21569
16029
15822
15520
25967
27620
17355
28784
10984
25085
21045
9813
19466
864
30705
20148
24697
3761
10339
16748
2660
24562
18390
10415
1546
20984
22302
3600
21117
21531
635
15836
22438
2098
6081
29870
11658
31935
10166
2878
26827
22374
22204
5242
4210
932
8368
8664
8427
14781
5137
8682
16465
29174
18533
3379
2029
6149
5080
21817
1785
4806
17447
18907
25257
29743
24252
26853
14188
25990
11291
19426
8047
9169
4732
10289
610
8335
953
5467
4736
6821
619
3492
6857
17307
592
23776
658
17672
10225
29064
10816
14923
11137
17421
1361
29308
25351
18540
5532
3747
14272
7683
11225
20519
2750
29091
4451
11145
19670
17894
32573
29521
19897
5571
1619
12105
1633
1375
19715
29674
25263
5414
17884
19988
20050
2843
17318
5890
2282
1644
3746
17532
1389
29002
24339
2382
22730
17655
24828
23034
31693
21537
9516
10666
25667
3950
9080
29544
14686
30808
12872
25489
10075
13883
5973
13703
5729
428
5552
6567
18605
23053
7431
14203
9196
14686
32292
8240
10728
14934
18614
17738
25703
25779
13908
18326
18512
5070
18111
12896
21520
11122
29031
30439
27964
3822
4145
15374
16760
3689
26488
22100
11927
15990
28498
31750
30212
28137
16916
2484
16224
11752
21528
27361
11884
8261
22717
31486
4138
11
30896
29338
25407
6230
15722
13523
16284
7528
22010
4368
24925
7162
6405
19698
23281
29392
26635
2695
12924
2704
22507
24257
28281
16340
17066
11303
21924
13182
9840
5579
26135
30028
30163
7804
18355
15532
15704
18492
15809
9169
16951
18421
23513
6406
32351
8551
515
31298
7610
16229
25629
3837
24754
23617
8317
21571
2036
20101
10711
20231
11636
3555
2144
22713
11953
1135
13875
6683
3130
12
6900
10320
25201
22564
27316
30773
24463
7069
27669
7157
23272
23304
27055
32472
29041
25371
21170
4956
19327
31585
20172
10119
28625
32048
18765
21371
18385
22236
14217
13899
14615
20266
7805
29965
30767
7431
7094
12337
30876
10106
30063
25361
7708
472
30202
25032
4910
30775
5729
26952
26834
16420
15436
30119
25488
8601
3877
21178
6587
11305
10363
6885
18167
19582
9124
6193
30969
22021
20647
15263
31118
21736
3673
7869
6623
15421
4037
17270
17139
17533
4305
1582
28533
3639
15903
30223
29368
23813
21554
1949
12536
32448
14802
21905
11491
13040
6577
25572
3671
9862
16206
6442
1646
22478
15130
25121
13496
30367
4570
13194
29127
5333
31564
24119
8945
15104
29709
26982
31569
13662
9914
26445
19983
11527
28757
30710
21985
24936
1003
28237
5586
5618
29044
19320
14147
2067
5115
1126
2351
358
11007
17835
1203
23079
8984
10635
31437
32745
20958
5204
20324
21643
10502
10994
25992
31080
9422
6077
8444
23246
31132
4501
8433
4018
17633
22833
6165
24993
17732
8372
26060
4346
24061
4481
21693
10587
27006
25681
8849
31321
8025
16259
13559
2164
4446
20403
8172
2633
1027
20109
24889
17930
9738
27619
30013
25388
27485
19710
10476
1119
3901
5682
19736
15811
411
12981
12016
15193
17350
20146
31174
11192
30791
14232
26133
17153
10761
5816
22978
27156
3774
14863
23970
28164
18557
24416
3133
17353
27312
13703
24017
13365
17965
2057
30106
1066
16547
18671
21585
27913
15160
27861
5107
31085
19568
19774
4291
6682
20817
1322
9106
1840
6597
31723
20798
16805
13375
4660
4985
18673
7329
9587
7883
22795
21086
23904
18906
17557
6619
30678
31210
16211
27932
1763
14496
11490
24476
21787
22283
18343
31100
25649
16869
13317
19936
14792
27413
21459
20631
28294
27769
28173
12026
13162
18403
32457
12310
16736
26721
17261
24589
26387
18626
22304
2745
10499
25429
29566
18835
10199
20212
10640
10451
16628
11585
9979
10201
7502
20016
23415
6348
8830
11462
4739
9089
31254
10528
21848
28574
9009
9142
10523
14847
16974
24033
32086
22872
9054
17307
24233
30236
8731
646
16829
31134
27804
4657
31354
30839
21542
4502
13178
7207
8262
7655
31165
20479
6172
1674
12446
13630
13818
610
517
8826
14638
19024
7903
12865
2587
15609
25547
9473
9359
28618
13846
6693
31824
20794
11498
25729
4088
16463
23234
32240
7683
15716
19233
24123
12327
6185
2180
14653
28900
16107
16021
26693
32603
4886
19617
700
13667
26360
23628
27144
5082
2247
20612
19631
18745
32486
8371
25792
1643
22884
29753
30063
5600
15558
4633
19455
26845
2566
30962
18405
3862
18395
13106
11818
19582
12603
15238
19473
16734
3358
1429
11514
22692
13190
32493
26502
28798
25532
7229
17916
28968
20444
18118
19947
17923
403
15884
27409
27878
31784
16849
16764
4024
16313
6211
27375
23615
4552
17525
9095
3635
12022
268
10654
24471
18957
21307
21744
21321
31812
18929
10492
3543
2751
15696
26286
12436
9558
8802
24890
27371
663
18183
6731
13812
32014
2610
26973
28229
5572
25685
12903
16395
5
21530
28606
6489
6758
852
4918
5823
30983
14389
650
7711
25878
26305
13054
7100
30100
30338
10306
5524
9564
4222
23194
2288
2657
2406
18492
17977
4663
15376
13817
16141
26581
26663
25376
31378
26265
26914
13472
9226
16012
22898
7020
26536
11752
30208
14884
4514
29655
21974
3569
9096
24702
18972
7857
21460
9786
31303
31316
11202
20521
4237
32645
14178
493
2716
15245
31723
25772
651
24437
10322
25947
1041
4203
13339
10301
16885
5992
24688
21926
16325
13327
20336
9221
17355
5847
9673
17185
9533
18028
27273
3235
19124
29779
6449
7637
27871
1229
6667
16041
29049
19967
5310
14845
29304
21071
20768
2845
17800
31249
6731
1162
6071
4195
22515
21498
29042
1877
20983
1951
14000
18254
21045
30892
30573
3499
6307
16150
9306
7848
21916
4759
31699
20100
7799
15609
17169
9696
4190
401
8097
9577
5469
7690
9492
27830
32698
18532
27385
18547
28549
20027
16136
27584
13935
14669
18336
22740
11744
7479
10868
15590
13123
29311
2945
17229
16037
8919
30787
9190
18302
10912
4904
28854
27598
29614
4933
26320
3436
19787
27719
18041
22939
9598
12973
30347
28383
26509
4149
30487
5391
9152
23700
26446
15274
25704
11882
8866
12910
21536
30837
14632
20519
6483
1797
18241
31686
2814
29104
28793
19378
8887
21830
431
12131
20463
27144
32375
22316
4212
18964
7612
20056
29241
31780
31146
31609
25178
5752
30410
31485
27995
3601
9839
2050
21681
1568
10322
26476
7555
13246
20345
2356
31921
10717
3677
21506
17430
8575
28235
20223
13578
4646
5643
7652
23595
11915
9152
856
23134
6546
24079
23928
16144
26494
131
20663
22466
16225
10032
5352
6340
12503
7575
6297
832
4596
5322
28323
11387
31099
1233
14847
19032
10577
15691
3035
26910
32049
26968
26605
11898
12704
2743
25352
19912
5924
12332
4077
4494
1457
27429
11875
7753
9316
18588
20618
21101
22900
20799
27244
26535
30309
21711
32725
14693
29822
1222
25701
21656
21886
8764
16867
13496
31883
17163
22740
21001
4971
29234
12108
25886
20470
12151
8709
923
11723
4689
2990
31295
28739
5124
30341
2081
163
17678
3112
24377
31894
29122
14248
3619
2266
31283
11744
14112
15417
24915
20485
14430
14011
22364
7294
10617
14618
17263
8693
21057
20598
4219
10414
32446
27210
16737
1559
21617
25759
4182
20129
3293
28287
7560
22991
14662
19629
28932
19596
29625
22163
21463
7618
8524
16252
17523
18728
10663
3
2645
9308
18371
29643
11493
2609
22514
32625
20894
20554
18208
21183
17774
15080
1880
6947
13664
25344
11658
14943
23160
17041
7307
21889
7390
23348
24925
20502
29248
10997
9393
1947
31601
25441
21930
25396
9558
5856
29156
2977
20738
20549
3765
24429
18208
18596
1970
30568
31377
12131
30325
20312
24151
14484
22430
26348
21170
25986
280
28401
28040
15242
19870
22216
8714
23853
8573
19992
2965
14691
11419
3776
24534
17713
3512
784
19506
29565
15092
7224
16997
24354
21393
27904
30825
23360
16123
23738
8089
24021
15621
1653
5910
30866
19318
6260
7530
21479
1220
18399
17771
24673
23583
11447
12898
12853
23217
6671
24429
15133
16933
18042
30242
22114
14438
22720
30837
23354
24745
11477
16860
10581
1453
25867
9137
25523
14657
7046
8407
19896
3336
18416
3232
32386
18553
11631
4334
24186
16425
25812
24473
9001
12877
22294
4881
15694
19578
15358
581
27949
16048
28963
3011
28969
32663
15641
7200
661
9736
21222
29594
5320
31695
10677
28412
2671
11696
31951
22466
21800
15528
1990
32638
13132
5236
21235
10874
11
27480
9251
3487
18879
20249
26510
25493
8826
843
9481
23852
24289
5331
21884
28923
14142
18084
11413
20039
32464
15308
10942
30502
25958
692
2893
17891
30508
26019
25339
24997
20164
9349
664
26188
11672
31723
29181
17308
28271
7506
5953
6045
1599
31912
24112
2113
1858
5900
29688
24648
23116
5846
27430
29537
8796
30935
23505
3474
32369
5858
21525
29145
7583
15242
11460
11284
22881
9006
5719
14878
18993
3635
29227
20539
2646
18577
19434
15542
6910
19089
1862
11976
8076
22229
5614
25788
25395
14744
18874
1361
23748
3383
5929
10336
9412
10224
23566
21182
4546
5866
32390
26980
28391
19062
30765
24525
207
22421
8594
9632
19607
29370
20968
6031
21816
2001
9982
30591
17171
4991
2417
12265
10701
8620
16672
26240
24668
5439
11744
8724
8034
7464
30833
1974
22970
31396
20401
29469
849
31932
1552
28232
14904
21775
9028
19557
1527
10706
15934
27634
8483
2325
13148
25634
307
8520
2784
8578
4239
25341
9121
13788
20202
28656
30208
24411
19410
31556
798
2801
12165
32527
17484
22006
17927
27417
11971
21266
16497
12513
8086
5724
8332
20705
17380
19651
670
19731
20818
25262
14724
9396
8888
32223
28929
15688
3355
20125
19030
23774
220
31762
10003
6549
19246
12274
5676
25183
3021
1373
5967
1285
13038
24327
10357
21868
7025
26774
20920
23062
5470
18251
9060
8683
29839
15845
23120
10042
30634
18370
7791
25595
6995
28488
4002
31575
11679
25475
5328
7274
13771
4367
8505
583
1070
16953
25607
13628
32364
2657
5670
29016
31725
163
23126
22059
18061
3510
25471
17357
5013
20755
21828
2338
2283
24922
4826
18267
8837
27634
28699
11968
3107
30704
30934
30893
17214
20539
17002
17115
5435
22765
31635
12257
19941
21500
11907
28923
10778
22809
26933
7433
25284
1240
16382
30939
25612
8978
24165
5291
1226
22664
6708
25323
21055
4040
15567
11330
17414
11605
30405
1233
27720
20226
12709
9914
30768
6815
13331
21987
5278
24535
19482
12535
2848
4441
29636
5038
11038
22838
9192
28239
21332
19594
18756
13939
12165
607
4043
21771
32366
4558
30784
13732
29690
15207
27652
23274
2996
16852
17197
7275
24449
13752
28887
29086
22159
14557
18879
28196
16521
31887
6414
21325
12557
32579
30578
23262
12127
19837
6259
7954
3679
18928
517
17374
184
16614
25177
17785
15707
19170
30713
4124
18476
17028
16404
17671
13050
20910
24342
20676
27317
23013
30588
13999
25819
15354
25319
13750
16692
17129
367
10846
13247
13825
4921
20998
19180
22085
20556
21360
26123
19219
12960
12413
28677
16899
9848
1336
12874
17938
5362
14358
21514
4608
31965
32637
22952
25078
3530
24706
14444
2156
31078
2807
21112
19018
28423
13989
28413
17997
30084
26070
686
27565
5962
12567
23669
17405
5292
59
2661
5202
4219
21667
2801
6567
27351
2237
7771
25728
15940
10443
19567
6094
13057
18662
29296
3859
7317
31810
27987
12230
5546
20915
13355
27129
3614
31088
30437
11321
32600
30744
5429
20150
15064
2802
464
14756
1810
8569
26076
19168
32381
4120
6308
16087
25831
24626
16273
8356
26379
24933
10838
1400
30821
24592
16234
5951
17221
9490
3259
12928
24355
8917
20641
7045
16690
29580
3856
3773
6967
3256
1811
12382
7324
19441
7285
8014
18880
16611
2497
12100
23954
22679
28270
3627
26974
19956
3411
22727
9959
901
20321
25242
12469
10876
24208
13577
5296
23287
27930
2491
29934
387
31976
17474
10954
17886
15177
12029
8246
20226
17642
32572
21330
2142
26115
25766
14397
19559
10958
10200
27946
6223
21565
7247
29879
11540
1260
27016
27259
16829
14933
28517
26078
10977
26179
18899
32558
7016
15497
14250
10991
25237
2291
26837
24434
19269
8573
30642
14505
113
18627
4539
3641
6906
5305
4967
12241
15526
11676
6987
15290
23653
31016
22661
17328
10202
1548
6234
13297
7702
19355
22302
12435
18343
4548
22612
23834
12241
5444
2583
16970
795
15386
14265
17978
30478
28219
20393
27306
24377
26248
16538
17814
4984
4093
12769
26636
2934
17195
6943
10042
21361
30696
32545
31691
15933
16197
19972
27508
30860
6592
12957
12489
24940
32187
20248
5462
19473
8749
11486
12779
3797
24984
25533
2359
893
18747
15427
12440
23742
10376
20842
31538
29952
13528
30075
23359
31329
5470
24108
28069
7165
27481
23563
25550
7277
10894
8480
16308
28045
22006
23246
5691
14722
29876
8955
19396
31996
21321
3185
32511
5817
25867
20099
5632
28747
22996
21491
8598
9242
15351
12563
2776
17580
10872
17707
16128
10532
892
2843
19837
25353
4862
23873
11331
16713
6596
12445
5734
1150
16529
2867
14567
10351
19357
14769
8654
26330
8770
2130
9592
22385
32504
770
11827
20770
23427
195
10760
28827
28011
32335
2776
26638
18093
3071
3243
31793
28336
21227
13892
21130
1914
30035
18425
29929
21284
20030
3265
11830
11659
21600
16783
9324
20041
9281
1758
21478
26340
30108
4237
20442
28996
5
2030
27683
17003
4815
21530
13379
13664
25645
15495
21416
620
23447
6620
21294
5769
23408
2307
20454
32536
19941
21632
3862
15826
31000
2050
4992
6401
24190
25144
6119
15344
10629
6374
4816
15264
29051
9016
10118
21436
21163
32342
10336
28623
8905
8248
3654
21685
17552
3260
2418
32336
24233
16630
3956
1404
31183
26823
2681
8772
18993
4785
3532
7766
10263
21993
13213
19380
31689
7854
2050
21421
8365
5338
9531
29196
943
20663
25914
28815
229
21011
19555
30362
17523
28055
4496
301
12973
9300
26456
5908
7036
6559
27281
3421
15619
6943
23059
28687
22914
28452
31679
25369
25722
23866
21184
3977
2834
9471
2833
28926
7097
22321
15935
5984
4365
17675
30065
12494
17403
31186
3237
28632
2344
29355
23356
8687
15760
2223
17849
2585
1646
16705
7366
21482
18523
30879
28024
12975
6585
6840
9939
236
13394
24126
14481
29705
10813
13819
3871
14408
25090
27752
4329
2298
7677
7548
215
6387
4872
706
27159
24379
21076
17838
31006
7174
2712
19505
26089
10726
25710
13195
21385
28480
32249
28001
18654
1021
18892
13071
9891
24449
21767
17215
16042
8929
14531
7611
28777
21328
15025
12671
28342
6363
24829
12563
4815
21847
32121
279
24733
10135
29687
29983
8250
12002
16374
20162
12464
8867
32130
13038
30724
4707
31061
2430
5235
25077
3138
31503
13051
22000
17876
271
12061
17507
10802
15382
24546
15811
1861
1146
13852
16936
9501
26910
4078
22201
21905
4234
25998
3941
10022
12353
13130
24789
16179
3662
17609
20126
8002
16673
17812
18874
22968
8601
15060
21305
31161
9058
19038
14132
8774
1921
29420
29699
10408
7469
6573
8623
11794
1249
4353
28074
31874
10671
31869
32446
10984
25815
13878
21828
19594
32664
6460
31638
12199
1862
21860
6855
28506
10141
12363
18321
23746
32597
22423
7054
864
8950
10368
28331
19648
16878
4240
17627
1884
8673
27558
17416
21693
25664
833
17999
17123
18973
4859
23660
5351
27198
30292
21619
32479
3440
25521
6338
22786
9501
22693
31539
3597
4129
7022
16534
18661
8666
30147
94
9597
8062
3277
11418
26874
10162
31347
22055
1301
14424
3034
292
27329
18088
18732
7591
28686
7554
10905
30894
19790
30210
7836
14681
30070
32342
17792
15958
19911
17100
1570
28572
2221
11567
24568
22620
10215
3668
7762
7476
27112
26096
20704
8871
9853
23724
11637
30666
24241
9340
16138
22847
1006
13100
1542
24679
14948
2876
28093
13012
6830
1773
15158
17917
14003
22940
22833
2870
26059
15183
9576
6111
7204
29326
8982
7643
20835
12404
14006
18500
14990
29445
20237
20572
23337
25026
8042
24263
12703
22651
20269
3320
740
5221
17030
6890
2393
14188
24703
11536
2800
5578
31293
9870
6800
473
14210
29609
2235
2597
11383
22652
18286
24006
31913
6125
17736
19181
12113
1760
1007
3004
6360
24491
28080
21851
32154
27081
11877
23880
20971
18898
5020
18670
15191
3498
14325
15226
14126
18681
32204
30186
2625
21980
7448
15718
24038
3547
18579
31700
11842
3866
11804
20135
28103
25043
22105
30711
507
4611
10144
26071
32123
4452
4120
17379
15168
30108
6939
19224
16162
26292
30175
17385
32666
20939
10070
28302
31948
13324
32594
17824
18629
4573
237
20195
25857
28249
19496
28259
6448
22273
19154
28610
10041
22446
9388
14800
128
27339
16074
24668
24677
14784
19004
2122
28685
16817
9710
20966
22372
12393
6093
15736
24418
3473
8491
15897
2446
1062
29285
28356
16577
24618
16835
7600
1837
5273
2463
8669
17821
23966
29130
12013
8190
21255
26667
6966
29471
32503
11433
19477
24501
19674
21580
15493
1698
25758
1950
20976
23159
17953
88
29509
10807
14565
2618
5706
18782
25611
2875
14132
31009
8831
22242
28277
30456
26480
20724
6357
21594
18179
9039
17860
31687
30536
2838
24558
1804
23917
270
17425
19139
31537
16712
14859
15129
20636
30209
1080
3540
1517
2502
30970
15764
29141
25820
23193
21080
20450
6622
24910
4933
15166
17832
11162
1443
16793
9844
2268
23849
8804
11843
21027
16762
3648
5247
17729
3311
31414
10974
5665
26775
24104
31113
10842
27004
26631
26238
13059
4904
2375
27698
6346
25448
24848
9083
28224
19280
25015
9390
23671
14719
16876
1028
15823
6565
3637
27971
23309
27970
28315
8858
32429
25008
29858
25292
21114
1891
1407
31377
15195
3696
13446
1337
10096
11340
8674
8338
605
3798
12680
6156
17382
152
11886
19227
19645
8778
11767
21213
1431
23960
18354
11005
29829
29990
30021
25047
15490
21968
11940
5084
15176
3382
5767
13880
14697
2424
19226
29875
24730
1598
12022
9941
27730
19196
15952
8270
18580
7796
17520
24725
4872
4988
1381
26062
12881
4865
12280
9969
30619
18252
11230
31017
32371
19588
6194
25722
16092
19060
3618
11175
1439
23439
31720
2899
18146
25905
11260
29798
32508
17704
19591
17842
5512
30835
2843
18647
30392
8009
6306
30307
22253
606
10645
17726
21636
32097
18031
2374
27634
29385
96
9526
29203
11473
24133
5068
2239
20417
5592
3115
16799
16752
25892
17790
25406
10759
8253
7646
1123
29191
18221
10358
29087
24974
14385
26340
4386
17622
21030
12771
14546
14846
6974
5415
10911
3085
16375
8841
11024
16180
32334
100
26146
12883
20783
14143
5715
31167
28721
684
8698
22339
30592
10607
8921
29540
19482
8419
3061
15337
4159
32666
24998
2971
15394
836
14314
32586
12005
11730
27390
7184
19396
15835
17968
10970
30609
1598
3311
27939
2656
26889
6692
3843
2435
31129
2501
31337
15801
2563
8358
28580
31138
10163
26259
1833
9334
19283
9885
144
23799
16367
18865
735
18596
1366
16239
12811
25392
12739
26936
15804
25138
5820
15241
19793
286
11579
2440
27940
18804
3340
11997
24847
11063
29558
3011
47
31137
7453
1887
32231
8213
30503
3152
17448
9045
27550
13191
17136
17141
19733
4441
22801
20240
9615
22738
14900
1593
27804
18765
30237
4020
26821
6721
1329
26087
16426
22878
32309
17675
31850
28377
22872
29223
1475
15364
25716
28223
22907
2081
19601
27080
32638
12152
24747
3168
840
18599
29109
25788
29701
13370
29661
5346
12279
19067
17682
3736
32537
7051
15555
29724
16642
30130
26858
28949
12811
9716
7242
8138
2996
9957
12788
20114
1092
12734
10768
14731
29104
26031
986
3215
5054
31095
30955
16740
18794
11059
32186
11827
13705
25203
11106
22588
5804
14483
30374
24263
22087
23369
22578
4702
4883
32122
18979
3129
10928
19026
16074
23034
1679
3731
29869
4507
12303
3117
19407
24996
28646
11280
50
29089
31939
574
28057
9939
32050
22564
16530
8486
24767
12586
14516
1123
21598
32137
24614
24999
22026
28508
23649
21780
11181
9723
15414
11206
16704
9092
26386
9736
12851
16570
4481
10696
527
4883
23281
31049
18522
30988
30905
16920
21435
16576
4697
6209
2142
7353
13059
12738
32154
23302
29787
30272
7889
4749
18044
14073
21400
15011
31035
8954
29464
24794
27311
19346
1716
28954
32497
19718
8173
17396
17696
28550
17794
26418
28072
21600
15323
21683
30148
884
11431
2934
11330
27880
29125
16116
29575
13085
1888
4275
25810
20705
26975
2072
14533
28646
24572
15485
6433
882
32690
25987
16337
31577
24669
17833
1834
9001
20381
8990
20337
420
635
17108
23965
19571
2639
6614
5983
17432
4321
10459
16480
3109
8142
13851
7370
21419
30509
22881
7433
25078
14195
3682
30419
23415
25236
16717
20325
21250
30827
2467
23312
31546
12892
1865
5621
3145
8760
5596
31245
12756
14432
19012
22124
5421
29998
28300
11206
22475
18832
28656
12850
4600
27382
29496
27694
10698
7791
837
27363
5716
16142
3562
10155
25373
915
8957
5841
2002
18247
10669
22424
26679
23080
21
9598
4195
7238
14610
28353
301
26733
27730
13347
8418
4612
19630
5610
9273
31285
30906
12844
904
79
14746
14409
20535
20840
9239
21945
32373
23366
20466
24584
30507
26240
6519
24606
1582
7136
8534
25284
30905
30988
32431
12900
26
30821
22380
24080
11435
28720
21203
12742
5380
27892
6747
1011
32111
2850
23743
31797
5021
5115
1874
14181
4759
25007
10642
27861
25334
20162
14079
30934
2903
13492
6958
28798
1290
15841
21529
8872
18698
3750
1721
10811
10546
2501
16855
30128
18861
13323
25375
26574
20143
31536
21110
30136
4706
25598
1933
26154
30500
25525
3510
5632
10735
26799
31223
26104
26904
22080
1885
13752
9021
30688
19859
4115
633
12172
17843
27784
14297
25449
4444
10763
6932
28331
14341
9993
29302
6581
20113
6822
30494
23937
15651
4937
26985
30275
5939
15962
18862
2377
14818
23882
2348
25126
9354
3028
18240
2831
16282
15235
28380
17541
1441
2165
18484
8245
17064
19294
21178
17180
24005
3279
31565
4846
24813
15801
685
21177
13066
22829
10291
29381
14413
21349
27839
6080
19654
31240
497
7447
19762
10666
14748
5799
8724
31890
2423
5525
263
22209
30486
13434
22610
29488
25
11972
6333
22104
21156
1881
20899
18935
27151
637
21321
17938
25566
30453
19310
27446
8435
14956
4131
29188
1794
11543
3293
13293
30278
10389
1481
12601
18290
22041
9567
14414
26091
12234
2106
4655
23092
12650
15143
22595
22697
31798
24444
22360
10353
29198
27051
9191
30382
3030
11798
17305
27126
28444
12325
4107
2567
1787
26518
14030
20406
9279
28693
31411
28969
26825
22285
6725
15942
566
31677
32662
8555
30651
13710
7487
6240
3923
13476
7330
14730
3613
20659
16754
6497
22527
14868
9846
9252
12944
16664
14217
16331
12085
10140
3302
19005
138
12509
2978
18371
16131
25486
28538
21948
24787
12840
8655
13715
26892
32130
495
1007
4616
9633
662
28713
30473
7377
16565
2051
284
12532
30577
27543
6979
32539
30063
32141
29138
17747
30543
25489
16666
1730
2934
27396
30533
13810
25361
9714
11649
22892
13398
21573
15457
24201
4621
27960
28543
3717
23632
23822
7271
22997
11919
19203
8368
28090
28375
31619
2924
18455
25171
8858
30147
15744
27411
15020
20186
9619
21260
13158
7930
8587
18528
3316
1518
12562
28384
13172
30892
2391
10959
11947
568
25185
2281
31223
3014
11939
26532
6277
28703
28880
17846
14788
24133
9200
22999
538
20314
27060
22472
19413
5054
29446
1684
29796
15224
22245
3094
2503
24023
19312
4539
27716
1112
30016
9866
14428
15563
16635
609
3325
5810
31526
3713
505
4074
6715
22348
25271
13453
28412
19278
297
30230
12038
27515
13565
32198
3497
20663
23320
32327
22263
10908
26944
18576
16667
7031
27160
10248
26605
5523
30034
18926
9923
7611
30752
13304
17545
5882
25067
3642
9748
31653
2376
17482
31411
10139
23848
16802
5895
6092
13902
19781
29205
17144
23815
18598
30874
28601
5909
21957
10910
11204
20972
10395
14156
18540
15649
1976
2817
104
26911
16427
931
10965
15900
4258
16180
8063
24395
20434
14503
12380
20051
21017
9970
23641
25345
21090
21092
8025
27449
25162
21561
891
1843
9601
29804
22428
5604
23666
6604
12062
17849
550
82
3815
7563
357
10674
27564
4560
17695
15408
23919
31246
10251
17333
11334
31382
1934
2338
6751
13934
32222
29668
3905
23951
1895
10697
2132
27472
5998
24849
29348
10531
24564
6345
20962
18815
20701
11092
22700
12061
4689
28491
22029
13415
32355
23175
7240
1838
24048
23419
17617
27803
27850
23751
30109
360
26902
9995
2971
19023
12787
5369
20099
10435
14685
19887
4558
2015
19792
31043
26373
21916
31792
9119
17727
7238
6248
16783
18918
20529
8018
3096
30393
9640
1879
9740
4375
806
14679
16347
1658
25545
14666
11692
31298
15875
16936
9132
24756
17043
22791
3238
19266
1971
7043
11989
18956
29843
19811
4854
1704
263
27002
24992
31774
7548
14794
10968
28727
22321
15088
19425
4600
3236
20156
26449
24937
17994
543
9066
17563
1922
27210
8870
28136
11212
23828
27284
30589
9270
2204
11491
22550
10520
11824
9916
5385
13313
1134
2646
21894
22001
1193
9924
15133
15817
10127
16913
9088
767
21768
22926
14219
2198
2913
15467
27521
3150
425
13445
21657
13848
18779
12671
30649
15308
13118
10772
30081
27934
31626
10155
14219
15311
332
12332
753
5152
3339
531
5136
6540
27308
22211
10124
7094
23187
7964
5269
22433
7691
28239
23656
22815
8936
1777
21272
4236
4715
15951
17806
28859
18277
10754
16590
10545
28575
19395
24189
20625
23674
12160
15008
4952
18131
12207
30375
15050
2601
21474
28074
8237
6914
32155
32242
24628
15498
22370
3003
25278
14718
14870
8504
2753
9288
31873
20440
8832
25196
24878
14024
22533
1826
5759
21177
24011
16708
31994
31459
955
24683
10212
12106
23641
13654
19473
7232
16960
20875
4346
30507
20940
27200
30736
6280
11030
25211
20048
30512
4133
16505
23576
26842
13154
4685
18233
19426
19021
1481
23373
32329
14447
14241
11339
17916
26255
32206
18264
3673
6697
12593
26080
7919
24860
14969
22246
12165
26019
26182
4760
32094
16006
17550
11303
17852
3986
5953
5589
18851
3654
5160
27472
16095
16079
32275
13886
21065
32055
22835
24857
8005
9945
16069
19517
16527
30744
5104
14655
24120
29264
10225
129
23787
24077
32117
17667
4725
15739
17222
6780
9092
17182
16426
20906
28335
8387
13833
24294
10423
17079
77
3835
3597
19254
29070
32312
19860
25126
13423
1476
4263
11526
13251
4914
17502
801
19957
7765
2061
12807
22438
12630
25870
26173
12695
14083
13249
3124
30154
874
20944
15736
32740
19111
3512
3626
21718
31226
27525
20144
11708
10013
9948
5547
10757
2516
5695
9769
27861
13253
21389
1565
10663
31370
19912
22796
25655
18437
10267
21256
26527
17651
2588
22498
14528
4548
17742
6812
2019
427
29674
20765
26016
3057
29919
20520
16128
26510
26903
9103
25822
1274
5628
30372
8851
23105
20795
24817
10194
13654
22983
27433
18896
2217
16930
24670
24488
26107
20440
16243
15871
7025
29772
24789
5603
9960
17078
9318
15097
29577
1901
15290
5336
5533
25698
25734
16304
30882
5869
10069
8239
13214
19149
28285
28325
30643
7786
2386
32102
19700
15452
28569
15984
4471
11825
22848
19533
28331
19563
32332
31291
14572
28617
4882
12171
27989
18376
21674
4679
16854
31336
14753
17687
31622
28979
6894
15461
32570
30588
26919
28352
20566
3557
16885
25726
29155
5924
31174
27302
24034
16902
28097
27917
1760
21683
12799
15294
6091
15669
28664
16287
26116
2868
2363
25170
18869
14083
21091
11610
20581
23009
31302
25727
32202
15224
29039
8051
3806
22698
26063
9909
29493
18317
9903
6070
28813
7348
1257
5179
9383
13745
856
258
22869
3287
27533
6056
24277
31301
6851
20426
24669
1568
6933
25451
26359
12319
23791
29333
32399
20557
9411
2627
12618
29962
253
4735
19738
25171
23608
26568
10128
5700
32690
9142
21489
30427
6653
22753
32651
3327
7672
17918
26697
28865
3582
17483
8582
19169
1885
29998
6943
3988
8714
29464
7884
22148
30867
2480
14256
29721
27732
14638
14382
14327
31214
2308
20991
29896
12789
28100
29825
13627
10729
17982
25938
16972
31080
13288
18206
24263
6049
21124
693
23559
11532
4860
18017
27652
11609
15761
3958
21645
19878
24372
29226
26577
10996
9780
5031
26148
13532
29210
2655
11520
12414
6866
6304
22346
26555
13067
30056
13015
22692
18911
6010
12079
31025
28599
14001
10641
25399
617
30613
14903
31892
1188
29996
26330
28588
1166
7443
24185
2074
21931
4556
8791
18335
8705
1882
16451
18270
5754
19979
539
14668
11913
32662
13971
7650
